28.87906	-31.789677
11.152188	-60.7272
17.286673	65.36679
10.425099	-51.40241
0.74448466	-65.333145
13.555566	-44.509003
17.130747	63.292603
4.793936	-59.608112
9.328543	-52.270294
18.137133	-47.04161
9.883804	-51.618065
5.090567	-62.50494
12.441173	-50.67004
49.792824	4.793455
8.141555	-59.005154
-36.433426	42.735676
3.4499826	-54.58066
3.3527956	-54.662804
-36.848225	43.37532
-35.612423	46.1935
-36.270966	43.79564
16.899685	61.690018
5.905242	-59.163116
16.47469	-49.70873
11.672123	-46.19495
-28.10876	40.149055
7.7025394	-59.332573
30.387375	-32.002922
18.964369	65.46511
17.845482	-47.99126
17.907583	63.314396
16.691582	64.02948
2.9368477	-56.974087
12.1362295	-40.661224
1.8684115	-52.59806
-36.06266	43.829063
0.36591965	-47.783867
0.07261605	-50.89309
7.0566177	-54.623802
14.32143	-45.52567
-4.501055	-59.814713
-9.289211	-52.760662
9.765031	-38.95043
18.827284	65.20377
4.4328103	-59.373817
12.731664	-51.61961
10.017278	-49.965736
9.726912	-47.352238
10.002713	-44.22992
30.321806	34.585583
49.6365	4.758734
-3.1651015	-59.409985
6.1572313	-56.032116
10.763675	-60.635185
4.5111566	-49.411957
-6.964117	-33.66486
-2.9339323	-33.12724
-16.810808	41.94664
-2.2306743	-49.79234
2.4498048	-57.335052
4.8766127	-58.54641
0.108727925	-63.938717
3.172116	-56.29724
-6.6275625	-59.441776
0.39125344	-47.54467
-2.8997533	-41.660225
29.148365	-23.441936
9.898172	-60.514805
1.1904513	-59.33612
1.991869	-48.363667
28.998995	-24.740913
7.2944736	-40.26711
13.196167	-46.001633
18.553612	64.05562
11.575958	-43.824932
3.0646088	-28.032152
19.393631	58.03301
17.015722	64.57842
-33.069477	45.373013
15.179405	-0.36764255
5.6827545	-49.76283
5.3639026	-29.276533
29.153343	38.86839
15.429818	-45.673805
28.769638	-26.265285
4.9134564	-26.021915
29.104536	-26.725128
-5.402222	-57.879097
47.9189	7.9191723
49.8532	9.60444
-21.533913	-48.477043
-13.989674	-42.389793
0.6431823	-61.232426
49.233604	8.3877945
-7.661934	-56.88047
-6.3047304	-46.175484
-7.5137153	-57.73863
-2.9127772	-33.147884
-8.9854555	-43.14071
-2.8049388	-60.7231
1.845571	-49.694534
-17.485125	-33.871944
9.280015	-43.045727
7.1904726	-26.685968
2.452276	-60.203224
-5.4978375	-56.07287
1.5764503	-19.562595
-8.623686	-49.450996
-7.2974744	-55.214306
13.827634	57.557835
-2.1546028	-51.657642
11.750658	-39.53417
-16.012096	-42.896626
-0.7369308	-43.372456
-13.922136	-52.44256
-36.751415	47.03113
48.978745	9.130023
-4.6257133	-57.10263
0.03117463	-25.872095
22.303	-18.493683
14.002608	-45.497826
17.658943	56.71453
28.19787	-27.99256
47.397743	6.9286942
0.6919865	-49.37962
-0.5643763	-62.811916
33.729008	-10.375184
-8.439649	-51.23751
-9.464802	-45.928295
24.628162	-19.885988
-5.709018	-58.667866
50.090332	7.814437
51.422318	9.371472
-2.6891906	-44.1184
7.8421345	-21.572607
-5.221171	-31.63349
-11.4679785	-37.03614
0.64960945	-47.130814
-28.539001	42.562077
5.46695	-41.11936
3.3715558	-30.574938
-27.612053	42.196632
0.5971946	-18.913956
5.2858477	-44.08575
9.54325	-12.814469
50.607037	9.236143
-11.234064	-53.387333
30.468184	-30.291739
-14.725188	-52.361492
-1.0616465	-41.170948
-9.182983	-59.84865
1.9476001	-53.19028
2.5428486	-48.31915
2.1563683	-27.308195
10.583418	-10.648641
-24.311472	-41.23393
22.718842	-34.133175
7.487815	-27.46439
-1.0031548	-44.41245
5.8917937	-18.264563
-3.763645	-56.739044
2.267508	-34.225277
-15.77208	-54.192276
-1.4510407	-43.41373
-14.756333	-49.29161
-8.740461	-60.210346
4.422659	-25.548264
-3.79628	-25.983324
-25.992989	44.373596
3.8631287	-18.235985
7.524196	-41.37538
2.144362	-47.536648
-1.306318	-49.20387
-16.065187	-39.99155
40.011936	15.680432
-20.173977	-50.854748
4.8569465	-43.073776
-7.6316214	-38.602314
21.816206	-30.936464
-20.802467	-16.642157
-7.9701056	-43.08356
-24.808617	-27.345257
-36.011505	50.36185
-13.901124	-49.303677
48.100388	8.196278
-22.748087	-45.802513
-13.435012	-58.414467
1.8630995	-52.801765
-2.733049	-49.693153
-9.59072	-50.317898
-2.0480595	-40.206146
12.109502	36.924706
42.115444	11.732465
-30.013014	-15.14425
-34.65591	47.061855
31.132895	-19.899662
16.55148	61.71487
-15.439717	-36.997097
-13.345517	-28.605742
-0.004109488	-51.141483
9.256971	-41.78926
23.404236	28.280767
45.32507	8.950148
45.88184	5.419051
30.731184	-28.398346
27.255405	33.765972
9.831063	-28.664688
3.9161744	-32.74969
4.3675447	-29.625051
16.945156	54.604202
-5.0421195	-18.039732
29.488398	-17.527838
31.997915	26.11394
22.794075	-33.178844
-34.877842	47.41324
29.563513	38.837948
-3.0947046	-43.453644
-12.678749	-29.704182
30.669353	-29.711018
30.659462	-19.220924
31.492815	11.132782
-11.785177	-23.87924
17.278088	55.37394
18.057203	55.907837
-31.695858	45.015068
5.7557435	-18.848545
18.920507	54.811424
-10.5429	-51.77273
-12.165075	-45.09938
-31.559595	47.075287
-9.534364	-38.74729
-3.6897275	-44.160007
-8.568063	-47.817257
-13.094634	-44.801605
13.543006	63.89912
30.532202	-25.677773
-14.257619	-29.922556
-16.106945	-44.550056
-19.31152	-1.0757368
-16.358767	-32.5615
-6.330494	-55.31237
-19.4882	-42.52383
17.118834	48.161144
-18.87792	-50.3007
-12.405541	-30.328001
34.712643	13.609877
-8.851067	-37.330585
1.2552731	-6.31123
-15.453961	-41.287716
46.37933	9.428117
-5.1518903	-49.214973
-9.130461	-58.226784
-22.114603	-49.159924
-5.713334	-38.201916
-1.7908727	-42.09462
46.74374	13.240297
-11.279575	-57.042316
-4.1381965	-32.313374
32.517715	-16.036089
-24.143126	-40.573524
-4.0287714	-3.356009
-10.832214	-48.614723
42.81456	9.126421
-11.746274	-24.421026
-12.236159	-54.67203
-35.395466	48.98047
2.2558918	-40.529354
-18.86686	-40.956898
11.1816845	-10.415187
13.154392	39.783276
2.8824277	-34.883778
30.982227	27.655851
-11.746411	45.567043
-11.776377	-9.611443
-30.413208	-25.580338
-12.123357	-47.24376
23.102005	19.541826
33.239716	29.44535
33.57224	32.889954
9.264004	50.61028
8.438599	-23.620924
-1.5539551	-2.358863
24.31601	-8.869609
25.033676	27.59996
26.98184	32.35817
-27.122862	-44.14653
7.4519663	-21.066837
-16.61575	-54.22176
-36.852	49.30264
-4.351713	-24.266668
-22.86175	-25.23244
-13.487784	-46.06227
-1.9066174	-33.036896
-23.48168	-44.731228
12.5337305	-12.381406
12.993587	57.96087
39.062065	29.097965
-12.498744	-8.187008
-9.469355	-36.545837
-7.915342	-52.654808
27.763275	26.287626
29.85365	-14.013555
47.235165	9.806328
-20.7685	-39.733543
2.670435	-48.245014
13.560693	57.5122
34.666214	24.3509
-25.819761	45.330563
-15.120256	-42.339596
-32.17368	-12.509449
-3.1751504	-19.92858
30.242365	-15.630827
26.387333	-13.036747
-8.770014	-31.050606
-18.30156	-32.384308
-28.164732	51.065853
-21.74575	-50.236546
23.37378	-16.046347
-6.4236054	32.639847
9.863965	-5.173756
39.365276	8.458735
-0.185986	-1.1131767
14.538726	53.700134
42.929127	5.875643
16.416784	-5.059519
-20.206627	1.8409816
3.3456404	-25.93127
3.4977007	-15.041732
-4.69375	-16.399546
-6.222398	-18.174297
22.443727	23.602621
-16.844927	-25.31366
23.743273	26.054207
20.90166	22.953468
16.227345	61.48503
-4.6695967	-14.027304
35.533485	23.713696
28.34701	-17.66452
-25.279877	-43.37869
30.732237	28.772074
-25.875692	44.812588
-24.54299	-36.749184
-12.282527	-20.790375
48.6743	12.043112
1.2623985	-29.840775
17.234577	2.1086595
-22.642784	-14.582473
9.695652	52.46488
4.7511296	-44.390957
-14.170405	-32.133846
-31.995905	-22.119585
-17.683968	-36.949753
-17.770353	-18.585205
-0.55928135	-7.290285
-29.088734	6.371353
-9.239157	-31.782686
-11.364816	-28.228422
0.72060734	-1.0483859
39.15743	29.301754
-10.723734	-4.730729
4.337219	-24.581041
47.80935	9.024688
-6.016842	31.720678
-21.227081	-36.62123
2.7046378	-39.642498
0.28187108	-18.866518
2.293098	-35.692722
0.50306606	-23.907621
32.44127	-20.93934
16.614319	55.17455
-16.60911	-42.72229
-26.446533	42.511635
3.7005043	-3.4323566
-21.953362	-50.107853
-17.424973	-40.345894
-3.8520865	-27.006918
15.489763	40.35784
16.62924	48.565876
7.6828647	48.20917
17.358444	57.603497
-5.866451	-31.830828
29.13535	-18.94151
-3.645041	-31.799097
-17.379929	-37.582832
-5.435348	-24.656858
-1.407886	0.19572471
29.865196	-19.87808
-20.425253	-34.74036
23.589449	-14.83354
-27.176771	-45.373894
-20.605047	-43.805954
-19.454712	-33.210075
21.624872	15.493706
24.082525	15.013725
45.480648	5.7566524
30.978655	-24.933025
16.486506	-1.5824246
-0.51498294	-18.256557
-35.685524	50.94062
-28.138609	4.387015
25.261618	25.37204
-12.663517	-53.401703
-11.9092455	-51.69672
43.932774	10.756849
-15.010194	-15.812789
42.941433	5.462835
31.225136	-20.594318
-7.6695037	-57.881763
5.9963317	-22.379278
14.416659	57.198227
-21.81075	-42.660465
33.606747	23.39304
-30.94802	50.28907
31.897177	-14.015316
-13.53851	39.710415
-18.129694	-1.2170454
-16.454285	-50.754776
-25.760641	48.98976
-17.251684	43.67574
-30.858372	-26.849674
-11.810706	-4.3184996
8.374565	-12.968816
-32.504486	-22.159542
33.707024	14.232741
-30.176193	50.262676
-1.127378	-7.338016
-19.144562	-49.86866
2.5236983	-8.571282
-0.42259282	41.42385
32.763165	-12.553256
18.012947	57.169
-27.948668	51.510773
-18.439613	-48.173573
25.577063	31.42506
-23.373787	-49.959045
-26.565395	-45.13809
8.231431	-14.606167
-23.08474	48.55909
-4.3222017	-45.476124
-11.731479	-53.121517
-0.026380172	-10.471782
-20.078178	1.320701
12.351893	-9.875526
-16.125616	-36.04108
37.998695	30.134272
-15.566912	-42.22367
-2.290044	-22.418036
1.3825787	-28.847479
-12.227154	0.2754431
-3.861602	-34.098423
-17.771622	-37.803493
-14.677594	-13.3075075
32.90083	24.68551
-12.982737	-45.455902
5.145271	-12.571014
-14.277286	-21.297272
-1.5014269	-25.863825
-27.144722	-31.168127
-24.711033	53.73979
26.559685	-0.8498579
-23.175985	42.40486
9.024005	-5.7998276
-30.383148	49.311676
32.641308	25.931513
-24.028755	45.108368
-24.436842	-45.31809
45.643723	12.902533
29.530384	21.067696
-3.1587362	-0.3123983
33.26613	28.883793
-32.822124	-25.228552
-16.283676	-46.31277
-23.505697	-32.240757
46.035122	13.478306
-33.471676	51.13467
42.64915	11.569423
29.764029	34.804974
-4.5628257	-16.601017
30.517347	-14.615846
-25.815998	-42.724
-6.0044637	-46.828033
15.93628	-5.6596146
31.4728	-16.287342
-30.610071	3.0896018
18.98331	1.2824613
-24.210402	-46.640633
24.468191	23.7218
-8.516679	-7.59732
-6.724374	-32.370785
11.976642	39.621475
-16.942684	-31.413252
37.483154	30.30552
23.044733	36.38064
27.377926	13.538639
-0.50406456	-41.48597
24.86312	27.201086
-5.5011826	-42.796516
3.3931627	-16.190441
-5.1442294	-18.436192
23.239786	35.71894
17.928816	49.334873
-23.284672	-2.853485
18.268877	53.575672
-25.04193	3.193312
17.836126	60.452415
-24.601288	-15.437562
6.9784584	46.50675
-15.554334	-50.61623
16.897165	54.379677
-19.358812	-32.545452
45.616673	10.248066
-25.660063	-48.585934
-11.739315	-56.87879
-8.0383415	-25.460382
-23.302238	54.11777
-11.158842	49.28497
16.18155	49.135876
30.636435	-24.250065
-26.124159	-26.055716
10.157002	-14.334989
-9.181579	-22.729662
-15.865225	-52.31147
32.745396	17.044516
-6.273989	-21.844767
19.47084	58.194252
32.525196	-17.436975
-20.486006	-5.620875
-0.14315908	-20.85111
17.914938	41.51934
17.603441	18.548893
-14.639559	-55.111317
15.965847	51.03961
-28.099245	0.86871165
23.55746	32.7387
-31.146492	-29.748377
-17.871464	47.32038
-22.272377	-15.68864
-31.188498	-22.810238
-20.497774	49.945396
-28.507822	53.210663
19.671173	14.337749
-19.334797	4.30522
19.339521	46.66067
-5.2582955	-21.754698
-4.348533	5.9599643
8.200864	48.62727
39.101208	11.696462
19.755375	11.838446
15.542631	17.053337
28.9414	-14.46245
-16.054638	-52.270954
31.551107	-19.875084
-32.89685	54.19628
23.455132	23.086123
13.007325	44.432274
19.10808	56.37469
27.42726	-19.924854
31.13502	9.878381
-32.96588	51.978577
-32.524036	-23.42744
8.26274	-14.230373
21.77231	4.0516815
16.061361	32.309853
29.523476	-11.587366
-27.414213	0.8751544
-29.697212	3.3433452
32.523808	-16.64337
-23.155499	-37.37433
33.545418	-5.7142196
28.659641	-20.864782
-22.580458	-7.5363436
-22.219833	-49.02126
24.737494	26.563877
-8.510146	-8.477717
-33.310684	49.840054
-21.097082	-35.203083
-36.067352	49.860256
-34.274574	-20.364779
-0.824637	-13.514189
7.4846907	-12.275711
-23.385006	48.261322
-0.60965604	-9.588185
-19.133549	-8.289478
-24.678537	8.003169
-15.535392	41.101566
-0.9204506	-1.4159181
31.798403	-15.482685
19.064957	33.09031
39.243023	9.5142145
28.336363	11.609109
-16.071983	-51.08254
-1.2829285	-27.407988
2.1064422	-28.965656
31.433285	8.676735
-8.191876	36.116646
-18.913467	-47.20533
-18.311226	-2.4956567
23.482025	-15.842711
36.928772	12.17724
29.720959	12.015547
31.490004	16.914108
-5.4473624	-25.155758
-21.711771	-15.135859
12.606867	-10.980765
-22.593298	-30.22063
37.139328	7.4991465
-18.76207	-17.816694
-34.3073	53.64673
-11.315305	39.31047
23.085064	33.740803
24.711657	-12.872852
-24.555939	10.053321
14.519964	50.27124
-25.32273	49.722763
22.657696	-2.9976459
-17.06427	44.092278
-20.089928	46.295925
18.610872	28.824574
28.268162	9.591155
-11.815252	-23.838482
21.7935	10.985208
-30.811733	53.13515
-0.41605282	-8.189928
15.481231	-1.2966084
-9.780342	33.28581
31.46979	27.444202
16.445314	57.95845
-29.210464	-25.334482
18.608183	54.306282
-17.518738	-0.40976077
-18.904379	52.591846
2.4263158	-5.406284
17.053596	45.081856
-27.843721	-2.7530303
16.92574	29.758213
-6.413915	-5.4724445
18.490887	53.162167
-26.68766	-33.146675
16.99789	52.161915
-2.062673	-9.933129
-10.211967	32.261055
-10.884801	41.012882
38.153767	28.723942
-17.965122	-10.1771345
-24.518282	-11.608065
14.819735	54.712288
-23.763374	-9.828587
-23.90805	-5.929903
-27.980595	-21.763449
45.474014	8.632202
30.966545	-12.07622
-28.796349	-21.72841
1.1659639	-4.6694736
23.21016	-1.163782
-25.100475	39.40279
-25.03934	-1.1400019
22.586775	32.648563
34.600727	8.280863
-23.89096	-0.50377595
14.642435	35.43537
34.874134	10.512467
18.729462	34.392185
-3.762415	37.930454
-10.802826	-29.009705
-3.9507868	-31.322899
-28.779253	-10.716169
17.340271	45.204716
-10.151098	33.596977
41.89078	13.587817
-2.9380424	-0.6205402
-10.327865	6.676063
11.589678	48.95839
-10.084886	-4.564534
-27.12312	-28.718626
-24.224321	-5.390572
-12.550031	-12.572655
29.778816	23.78009
-30.264044	-22.645994
35.92851	13.878837
-22.120087	47.33243
-21.429811	54.667664
23.489782	37.567482
-18.835258	-8.637478
-33.340458	-21.18184
41.402477	12.3911915
14.897463	36.36246
-31.72054	-20.070618
30.302168	26.14546
28.313093	24.348944
11.23001	48.35514
24.11349	-12.963235
-16.47255	0.14799732
-19.768507	49.943848
-19.238781	12.650062
40.327457	12.302757
33.564537	-10.5771675
17.004469	-2.9672709
-8.991409	-32.70976
-15.04674	5.326268
-12.291508	-6.6278167
-22.026001	46.658516
14.556529	47.8597
-14.801126	-10.709499
22.110943	-1.4950557
40.430252	10.91871
-11.019213	5.1014323
-23.08689	5.7060456
12.4227	-10.082499
-27.46534	53.769245
18.134722	44.925755
13.42825	-9.573186
-7.412167	2.7087886
31.963797	5.3684855
37.075123	8.795752
36.764	8.774586
25.511688	24.73608
-11.415187	39.942387
-24.189129	-7.7918434
-23.40638	-27.473648
-24.53965	1.9873788
-15.069341	-12.80497
-23.678463	9.758746
27.049337	17.108046
-1.0101914	-22.583286
-24.108435	52.77979
-22.193886	-26.250395
9.865003	41.887184
-12.843462	48.646786
38.03341	11.91583
5.9122562	49.03682
-30.011778	-14.061155
15.557159	5.8073444
-8.6361	-8.2465725
29.432085	25.515753
-7.2848883	-12.925144
-21.115086	-19.495037
22.105713	33.29076
-21.670944	49.7021
-15.7141285	47.89323
-25.671064	-14.647286
0.20599754	-17.906588
27.84144	25.105572
-10.039583	38.590294
14.350357	54.016705
-30.534086	-31.70976
-10.189164	-14.725851
-25.581383	52.160355
-20.407845	-46.594646
21.69449	24.58507
-24.919641	-14.143889
24.703493	11.3565855
-9.289033	47.055454
-4.923507	-7.587697
-17.064663	-2.0188498
-17.488306	-26.028976
-1.4906596	0.8431359
-21.415657	-4.6351733
-21.477365	-29.686983
-7.122694	5.1008782
-23.024029	-12.517181
-21.495834	3.8296974
20.626822	13.992813
-21.161625	11.487996
37.168762	28.928087
-20.19555	1.6200294
-5.6347423	43.682835
15.713932	28.971973
-19.49641	-46.711147
-16.805801	51.226524
-6.862936	-25.384153
13.9943075	43.737926
19.355856	12.816543
-6.8299885	-25.924591
-28.48082	-13.809357
-13.865208	-14.16355
16.39207	40.36418
29.878576	-15.159846
-29.777	-28.909397
12.256906	29.205292
-25.023327	-30.603722
-18.919893	-12.565183
35.63101	10.462672
11.070529	-13.090265
2.6700602	-9.106664
24.427944	24.473757
-9.470845	-9.698255
29.137856	-9.639449
39.870304	15.174281
-23.1047	-5.5851884
-21.6933	53.968033
-9.052009	37.868866
-20.703993	-5.676294
-23.981485	50.658817
28.086733	19.194235
-0.38942924	42.89428
26.805056	23.521547
-7.783218	-14.505592
-16.028082	2.7080061
-3.0377192	-2.5076113
-25.656036	54.09383
17.442575	50.516693
-24.939678	51.667618
-30.048107	5.6114135
-8.145489	-19.48379
21.846685	14.041106
-15.518035	13.737634
15.993069	47.319977
26.177755	-14.19373
-8.881333	-15.849697
28.478067	33.9094
37.197815	16.01685
24.385372	-2.3377924
-30.922215	-33.222866
0.1747877	-7.0463085
-22.134708	5.917352
27.144455	25.011345
13.34901	29.057116
17.724335	30.840027
-31.385221	-29.094887
1.7163179	-5.5729046
-23.510492	-22.18766
-30.08559	-3.564939
-6.863167	-20.766588
-11.560744	1.6318583
16.593655	57.512676
-26.322477	-19.477234
-7.8663645	-21.575195
-4.3591475	-9.078231
17.213057	53.332535
-31.90168	-2.4933603
-26.83214	0.09896171
17.690895	32.889927
-26.739138	-27.592316
9.861287	49.15698
19.95048	35.859676
-19.591846	53.43559
-6.9678545	-2.1257524
21.030119	14.755198
-21.727531	-27.84888
-30.654606	-4.5441227
-22.45026	-4.314279
-16.811539	9.187854
-18.707327	3.976695
-20.126884	52.222385
32.382805	10.391535
-20.895739	46.259033
-2.841062	-10.401461
14.210769	27.896975
15.60935	53.15792
28.198381	8.487344
-0.70030236	-10.880684
-27.65325	-4.0142045
-28.217512	-16.662586
-16.905325	12.963851
-16.93658	-12.221633
27.993092	22.17946
37.056576	12.794551
-20.173174	-4.532405
-10.536059	48.182964
-21.894732	-5.7920523
39.265667	8.300241
29.63603	9.706824
-23.254025	-26.601562
10.233913	48.499462
15.265136	4.4547243
29.827772	15.555292
31.351099	13.550117
-19.077793	51.608253
16.021011	30.841015
-12.330351	48.37111
13.408608	48.93087
18.021023	-0.21743342
-14.4933195	-6.1035275
17.366554	12.414544
-5.5449257	38.18573
-6.9247103	-18.338707
18.995058	14.83882
20.231197	13.410461
22.396358	-2.8106592
-19.441515	54.660946
32.917213	11.96084
-26.413404	-0.4950841
-28.336994	-18.674381
23.030422	-0.057069533
24.490341	-2.1260726
-22.710709	-2.293648
-9.541236	-16.571281
-16.495289	-10.825466
-14.463889	52.307766
-19.503448	5.490752
38.956398	9.464695
15.909777	56.642876
13.332071	9.764722
-23.361458	6.582562
-26.50663	2.203804
13.490058	9.47383
28.959194	31.245598
-15.144456	49.92086
-30.94422	1.1940969
32.143196	9.251322
-18.408768	-2.3628435
26.694347	23.113192
13.489929	20.944672
-3.4944367	-10.783425
-30.115034	4.3704953
-5.84643	-5.979087
-8.138311	43.50218
-19.736555	-33.49664
-13.120364	48.848248
-8.497774	0.5923309
-20.052546	4.791237
34.479095	15.408467
-1.940651	-2.5368974
25.93906	13.608143
21.006071	36.398476
-21.609745	52.986908
27.799892	-2.0068855
-21.289642	54.819695
27.769693	18.547651
0.5786425	42.651493
-3.4517095	-21.629654
-17.100565	-7.305742
18.153631	45.724373
-24.67146	-12.977578
15.41105	47.315636
-25.209366	-0.083141394
26.352125	-4.8198385
26.510374	-12.402859
36.661385	10.715356
17.927242	28.963076
-2.1461263	-8.819947
31.500122	16.802595
-1.0334933	41.218582
13.204442	49.592136
-16.916641	52.38593
-30.965475	-14.277871
15.11091	6.3062825
-19.841825	55.453255
-12.308437	-12.378729
-21.54082	51.0781
-7.817506	46.748447
-8.39724	-15.07523
30.402435	14.814192
17.91143	-24.962378
-14.9738245	54.642864
-8.626443	45.64415
40.01644	10.12421
-27.996552	-15.415941
-25.82631	10.453868
-2.7669995	-5.753327
7.402201	41.317844
-19.138977	5.4622865
13.775183	38.282177
27.848415	9.459855
-17.422684	-8.387565
-25.768473	52.68368
-20.726507	-15.127668
-23.53255	-29.379963
14.295222	27.097109
-23.746782	2.752963
11.728786	5.853414
14.43199	37.560284
-20.399933	5.598301
-26.53494	1.89051
19.375244	46.491993
-20.419182	-10.960054
-17.997484	48.045395
-30.277012	-27.586058
-5.4764733	4.839609
-4.7515616	39.84954
13.731824	51.41303
-23.588684	-17.068134
16.646868	23.477398
-26.721924	-10.791785
-6.632347	41.31408
18.014442	17.84311
-20.50568	-14.470261
22.719955	14.646963
-25.800573	55.064163
14.561327	49.24463
10.210435	24.471397
-10.732325	41.924847
24.539925	-9.694256
10.053516	31.464197
-12.216138	5.853773
-3.5133119	-11.454615
22.07317	21.52548
-18.47052	-8.334805
34.316708	16.734877
-20.159693	56.036366
27.894012	14.323832
-15.429346	50.346264
17.003849	14.414171
-5.6381536	-13.742815
15.467264	0.16423386
16.066357	31.435307
11.993832	38.637238
16.601751	35.15493
-14.082002	51.095966
-20.592476	12.921119
13.236002	25.194529
13.682356	48.400066
-25.137846	-22.730398
-12.925223	5.4978223
10.268564	40.38628
-14.320957	51.67144
-16.562191	50.93924
-3.6609695	2.5595436
18.61173	16.63368
31.798435	-13.208543
-16.58899	4.1412053
14.714954	24.684425
-15.266366	52.439392
-22.761963	51.173595
-18.631598	14.198728
18.979193	19.180653
-27.21142	-14.287971
11.900598	28.122356
28.189054	19.972055
13.225301	50.513092
-18.560917	-1.4739858
34.601246	15.360986
-16.771442	53.58476
26.016981	4.132028
-26.415733	-2.8396084
14.642604	47.59502
-9.907526	43.347576
12.285843	39.32759
-12.136512	1.9718581
37.609974	13.718342
-24.079079	-14.920899
-16.257294	13.246556
37.466736	14.162994
15.368605	22.699001
-17.61211	49.66829
-5.5866127	43.137848
-14.457218	5.547338
13.849648	8.94162
22.550083	18.76963
-10.349309	49.362133
-4.7062106	42.015217
21.869564	22.612356
17.93496	27.441696
-9.008843	47.65192
17.088896	28.861065
17.566643	44.5536
19.61919	34.846172
-19.960394	12.781416
15.662062	17.548182
18.443907	18.113014
20.533798	-0.76030016
16.627666	19.202705
15.3351345	30.688663
-8.010889	47.52616
-9.448119	41.050198
-16.246153	49.219776
-27.224886	-9.175535
18.165255	13.699773
-7.7703323	42.54038
25.537138	-0.7184247
24.161413	11.179977
13.184963	23.977203
21.532654	13.554549
18.45134	13.481905
45.3837	10.500931
-12.7772875	44.517162
22.524452	-0.49163342
-7.7087793	38.309326
-33.62585	-28.176859
-26.639221	-28.760006
-18.007248	49.608807
34.44246	14.820954
-21.004923	13.090815
-20.652145	9.990836
-4.767307	39.005085
-11.737856	7.8783026
-2.4663363	40.73521
-23.898483	2.6661725
-17.670244	-8.898668
-18.23388	4.61525
-17.94896	5.9837418
25.528805	12.868746
13.441058	47.333805
16.20874	24.402466
17.781925	29.315067
-23.764874	-10.637709
-28.08644	3.1233652
24.341965	7.2739573
13.832757	29.509623
16.829428	1.7764243
16.42737	23.826317
24.904457	7.6596303
-7.188101	5.122993
9.379164	28.348652
20.32894	11.311211
-23.721085	10.383127
-14.73001	2.6583807
22.871693	0.24772629
9.015074	-56.54987
10.596063	-53.77546
13.884422	-51.71591
14.378223	-51.735363
10.77913	-54.710304
17.419186	-49.2316
13.010855	-49.11697
17.778025	-47.631577
5.3952575	-66.22126
5.756899	-49.430416
2.883724	-54.228664
10.070319	-53.69639
9.365401	-55.067055
19.363873	66.12895
3.3806863	-61.66984
6.4876475	-63.57494
13.197317	-51.50713
10.45891	-48.672516
12.131386	-49.030674
4.302863	-62.731792
4.6962986	-64.40669
11.461209	-45.23673
29.42063	-30.643984
7.3854566	-59.68937
12.69443	-53.081894
9.197044	-45.821224
-2.8973475	-64.59151
0.009461013	-61.655437
30.704008	-30.769468
14.697822	-50.11546
14.502051	-46.979053
4.245072	-62.722637
5.3057075	-65.74401
0.06666919	-55.498386
1.7366714	-61.290062
1.8496854	-64.73788
-1.609701	-63.371616
16.90858	-45.745384
49.39594	7.694648
4.4694033	-64.50657
1.8186997	-63.791756
28.968037	-31.78209
48.89991	4.274632
10.736379	-39.100655
-38.938137	48.860218
13.513179	-47.245266
-0.7959245	-57.198887
-8.494212	-43.18027
2.638167	-61.80399
8.158397	-44.66766
2.351359	-64.06092
8.7615	-47.343246
9.533768	-52.227493
6.355641	-55.783886
2.1625822	-55.803265
-36.2482	46.268333
-0.63115716	-56.717484
6.305244	-48.944397
7.777866	-27.062977
6.6694884	-28.382002
8.589501	-28.4301
-3.0263178	-56.398117
22.597862	-32.487507
-10.047057	-43.62636
8.440883	-28.433846
1.8917391	-59.43667
6.7208104	-45.42012
29.710007	-30.389723
-0.9503958	-55.391743
0.36427853	-63.379128
-0.22332202	-55.436913
23.044777	-20.448826
-7.7653275	-55.442093
29.16922	-28.1983
-3.795363	-64.09943
7.8827944	-46.49814
10.068533	-39.856277
29.665922	-28.65676
2.3910549	-49.61876
9.989029	-39.15822
9.850854	-28.815313
-9.827668	-56.93849
7.8605223	-25.407202
-1.0002388	-61.954723
16.30596	1.6002543
11.286154	-45.491413
29.75846	-27.594044
29.255169	-29.294428
5.0137773	-45.053005
-14.398921	-34.943005
7.8028154	-39.34976
1.8548945	-57.45558
-9.363426	-46.09822
27.653292	-26.87765
-12.685137	-55.916748
-0.4918723	-60.932117
-9.748333	-62.168167
29.111895	-25.63738
18.53666	59.2753
3.1167037	-59.470936
-32.66858	45.386497
43.099396	4.6107364
-4.219748	-60.88991
7.8794646	-41.211746
-7.3165107	-39.281723
6.405287	-31.166698
16.571394	62.769497
-33.7634	46.166553
49.712955	10.328617
-32.433514	46.858383
-2.71178	-58.460655
8.980553	-46.25332
-5.039049	-50.41179
8.29485	-44.711224
-17.190722	-13.147399
30.593563	-17.55121
24.057585	-19.28979
-6.467624	-35.953506
-5.4834414	-62.853107
4.326668	-58.680237
22.770641	-31.022608
5.8427486	-40.198063
-0.21270852	-59.089764
9.55465	-41.02702
-14.613735	-39.413292
-38.651104	46.94754
-24.199291	43.139645
8.862327	41.780773
3.919684	-48.194122
-25.039215	39.093697
-4.862201	-63.5132
7.962299	-21.541567
-4.057465	-41.49562
-5.692319	-60.66544
-12.466729	-49.70929
-3.5833564	-47.67695
8.627341	-39.263924
27.5998	-29.535345
8.266769	-24.033419
-13.525692	-30.92277
4.229025	-30.083225
-2.6086507	-59.63632
11.926218	-13.44986
14.7153015	63.54472
29.894993	-27.870634
12.6389	-44.814846
30.11589	-25.687485
-9.786044	-45.259903
20.30236	53.263653
4.2980466	-28.564993
-9.863184	-61.894276
18.937582	-32.392834
-5.837035	-41.045086
-38.02188	48.673042
6.179706	-43.40447
-1.9774876	-61.812256
5.9308267	-30.531572
15.537824	-48.96946
13.988321	63.660694
-17.4141	-42.68354
-11.077203	-41.02904
-6.726954	-40.052788
-4.5708017	-39.44802
-35.26093	50.44239
10.535127	-38.618454
31.654963	-24.215092
49.274464	9.859144
3.835813	-21.732445
7.6956916	-42.67882
26.574606	-20.095928
17.311289	61.449577
-27.439243	43.538696
-6.840103	-61.9096
34.375843	27.338856
-37.74271	50.997757
-13.81359	-31.174397
-7.1945615	-35.4168
-4.1165404	-39.36668
46.926094	7.70927
-36.94748	50.15789
29.002703	-24.229233
-2.2702668	-55.5268
2.344156	-29.149618
-9.404167	-35.03395
2.5148678	-11.594202
3.9855556	-11.582499
-4.9033465	-32.597378
-15.553775	-28.253242
6.7944365	-40.202972
-4.6070156	-59.60751
-25.110918	43.634937
-20.982347	-43.66876
-10.008073	-32.672207
8.5991125	49.57098
-29.927393	-8.082255
18.25264	52.481304
29.996475	38.67526
30.965765	-13.993298
19.584719	55.108658
-7.7426686	-37.05601
31.336798	-16.996714
-31.337742	-31.213003
31.45595	-26.723482
-3.8166623	-33.251236
-2.894502	-57.99908
2.246604	-33.46406
46.370304	9.657869
-9.494078	-53.013496
-12.596335	-15.194055
32.54023	33.486298
18.077673	-24.963726
-12.926853	-14.653865
-31.450396	49.435745
-3.636314	-59.273174
-36.35664	48.91487
31.437435	-18.087248
23.03112	-18.49397
0.9409969	-23.800325
-27.00832	-47.340614
-11.446023	-33.242283
17.19552	60.646145
-10.905336	-32.19765
0.10905248	-25.424894
28.692995	36.45511
30.673717	-21.357285
-2.6691976	-56.902588
35.12238	28.374382
34.64042	24.037422
-4.174922	-42.79262
28.888494	-18.758362
4.720032	-13.835256
6.3973675	-37.984997
17.438469	59.369297
-34.766808	48.605595
3.0482202	-41.00188
18.813654	58.586018
11.1061945	-41.055084
24.245087	33.12132
-5.526148	-62.41637
-8.841061	-50.591507
-20.894442	-52.368893
-4.4663386	-47.30054
-1.2273246	-8.148734
8.870898	-5.6665654
30.27832	-23.741898
46.633793	10.232043
-6.2198853	-40.349632
-37.29169	50.55168
-20.528795	-51.124702
15.718652	56.71151
-38.24119	49.886814
14.469456	-12.782743
-11.217669	-41.852093
42.21244	9.415484
15.38626	59.269592
21.645996	-31.16461
9.050989	51.01824
6.7030272	46.05798
-6.128013	-1.0738032
-15.184803	-40.144127
0.81475884	-3.2323415
-4.985942	-35.42826
-8.36668	-36.85865
-20.864891	-44.291973
-17.397655	47.1954
-25.341084	42.72474
3.6235075	-41.47321
-20.6727	-0.66906184
-22.385517	44.10751
-7.822439	-53.947266
-11.337127	-40.309925
2.2490757	-34.731518
28.51447	25.407587
29.19314	-16.10668
-5.753495	-32.813057
-5.7816987	-60.71821
-16.269667	-32.703663
48.77082	6.294332
-5.1117597	-50.51092
26.691406	-15.649709
6.657954	-43.51984
-8.368881	-54.720726
-2.9423144	-38.172173
-23.358255	-51.767216
-25.172451	40.8987
-10.819761	-55.450996
23.429474	35.547924
29.87194	-16.436592
-20.975847	-31.438133
38.64377	28.667274
16.94344	59.675106
-27.369936	-29.272207
-12.36137	-36.199326
-24.686085	38.09364
-36.6324	50.227905
30.58672	-27.393044
27.874561	37.861595
-33.73948	-27.010057
24.510822	-3.2913473
33.77865	25.839594
-17.291386	10.136016
-19.369795	-51.15118
-12.457881	-27.687551
14.613699	38.262817
-21.307009	-24.874083
30.875607	-15.044439
0.8430227	-18.137136
23.479654	33.47551
-36.359394	51.6471
-22.920282	-37.10223
-29.568722	-1.8775669
8.468699	-6.9096265
-26.691586	-41.81445
-17.939796	-26.56409
-12.635689	-2.0521183
-9.851065	-14.566157
22.615837	26.39568
24.813389	-19.544552
-15.390264	-49.566982
-11.260948	-56.086304
-9.877078	40.4309
31.87626	26.656574
28.871813	35.0975
-16.546047	-29.78848
27.887579	35.98907
2.6369803	-9.8026495
-0.8993791	-26.42232
-4.6648006	-47.30752
8.997131	-5.628678
6.3000107	49.72272
-11.714058	-28.441269
28.53215	37.527798
-19.303066	47.21555
-30.98809	52.808983
12.300345	-8.516553
27.046492	35.87744
22.307285	17.241772
-28.577133	-30.711514
3.5435572	-16.253763
-1.3947191	-10.032944
-32.22873	49.512222
-9.269632	-4.5252314
-28.848495	-6.173789
-11.952741	-50.677387
-17.631756	-32.873024
7.790394	-16.801363
32.650475	33.15504
25.124481	-11.062193
15.948915	59.603577
21.240831	-1.0929477
25.947327	37.251183
-10.795059	-3.186156
-23.52707	-50.939285
-19.46766	-55.05777
20.942692	-31.65494
31.119946	-13.050346
-14.660505	-51.744656
-18.04081	-33.181587
-10.293166	-34.76123
-11.794413	-27.190708
31.00512	-10.512685
-26.668777	42.012836
-28.027855	-6.823457
29.024708	31.959314
-31.32623	52.036476
-22.157766	-26.02991
-30.838774	54.788757
-5.3504333	-6.3293896
-1.6484207	-0.38524166
8.297264	49.31862
-33.957386	52.144573
29.067179	-11.5069475
-25.94321	48.512947
-26.805845	42.926697
-35.487957	51.580776
26.615479	36.786186
-4.324927	-16.12572
33.70704	11.473927
-11.061769	-39.12406
-31.589417	-22.641161
-0.08838119	-24.790651
14.540803	-11.738739
17.558317	-16.153513
-31.549273	53.182373
29.868074	11.819019
-13.069789	-36.582584
3.5377533	-18.289759
-13.587434	-4.717463
-33.788506	52.525852
-26.082125	-45.1
31.282833	24.45264
-21.972006	-29.821514
31.87419	27.553934
28.33939	-14.758344
-28.675669	-6.8124294
-16.470951	-40.600784
-9.136384	-34.280315
22.25126	37.48802
-0.26846337	-45.386078
5.8360767	-18.122425
-16.791943	-19.803839
33.547108	9.695133
-8.329751	8.843778
14.066294	-12.077845
-37.213493	51.665447
8.576863	50.672455
24.731642	37.95434
32.84069	-14.092052
-15.819316	42.124794
16.133572	60.3827
-19.875927	-45.381794
-25.275202	-47.837955
29.012363	-10.972223
-29.465797	44.816196
-27.657679	52.027485
-25.106377	-36.39836
1.8477551	-24.511236
24.357718	-13.468301
-25.805313	-46.579647
-18.557222	12.397294
36.482388	12.705244
-9.387496	-19.387306
-5.272392	-7.638413
4.820893	-11.3447
33.826023	22.193007
-20.019194	45.39888
0.785988	-0.58425057
16.770842	49.41583
-2.8319852	-40.00072
-4.755293	-47.09282
-3.974167	-11.570834
-12.156882	-37.929634
-11.375361	-30.258696
-2.8624086	-6.800114
17.62399	5.2546964
-12.9010515	-13.012377
-33.206024	-26.283405
-0.21916752	-14.145124
26.308575	-2.8340433
-21.45015	-20.465204
18.270977	-16.136364
32.94982	26.99486
10.714	-13.227995
-24.130789	-21.392992
-5.114885	-35.54792
24.909168	-2.8539038
-21.999174	-35.759865
32.013897	-10.148466
-15.060158	-19.269873
29.933058	-23.28451
24.885405	-10.569669
-20.000795	-26.40328
-15.859826	-16.023613
-0.13232522	44.626232
-24.192211	9.482634
-34.7821	51.559517
-21.980946	-43.072884
0.8828615	-35.144543
29.01883	13.988784
8.975324	47.018867
-20.18352	-42.747246
19.991175	51.81623
15.919107	2.057641
-27.029367	-30.60393
-31.774132	54.182045
-11.653789	-5.11734
-12.623044	-35.553143
32.315178	12.770171
24.3779	-11.156055
28.310844	22.791378
-1.923036	-22.085054
29.06745	17.536728
-16.923038	-46.09856
-12.121689	-40.73139
35.25752	28.082802
-26.868826	-34.394306
36.161804	29.058048
22.534483	34.773735
-30.762505	52.420544
20.211857	15.279925
-20.468887	-36.91687
-10.938885	34.127647
-19.835659	-30.364992
-27.059946	-33.89305
46.81162	12.30134
-26.672995	51.009758
-13.9428625	-51.437862
29.564833	-10.891417
45.01741	12.932222
32.153675	12.6741085
5.2287407	-28.028395
-12.288084	39.958954
-5.325547	-19.969135
21.928684	36.56296
-13.994556	-5.914539
-9.860729	-3.9491937
20.867638	-1.3050702
-13.024693	-50.307465
-19.900003	-31.264757
-28.399933	-13.660728
-17.095568	-29.916958
23.664719	8.624507
-11.960311	0.8078689
-29.179724	-28.478863
-12.554839	-7.808869
-26.34421	-17.499537
-22.393528	-37.97278
-26.402216	-36.022606
-16.592882	-34.292126
-12.543393	-4.9653482
27.392162	-13.485504
13.765417	10.694496
23.722984	16.741154
-7.829384	-19.538803
39.15421	13.773158
30.493835	-10.78741
28.570475	38.70897
27.362944	36.21957
17.825615	53.629784
-4.0411963	5.1699634
8.152211	51.94656
-17.106285	-4.588819
-21.068314	-11.421556
-4.4953585	-23.49414
-11.756928	-51.74469
-26.86986	-40.529884
-1.836344	3.402553
13.024813	-7.666461
-21.345552	-24.553476
-25.72262	-41.405502
-29.638243	-29.878517
-3.9190097	-12.40727
-1.4895074	-38.578537
-16.667784	-14.549521
29.945827	-13.579484
-8.903933	32.800743
-23.939795	-45.031673
9.014079	47.0236
-14.389927	-55.110653
37.20841	15.919977
-26.020737	6.690822
-11.846354	-5.802605
2.8565822	-12.00712
-13.782828	-27.44436
-20.703402	12.008238
25.050955	36.458458
21.2738	0.04712796
22.043844	36.390038
3.4009616	-1.2960374
-31.780787	52.303238
-9.282679	-12.587552
20.943205	2.9265554
-5.058491	-11.197368
25.195301	9.58734
-32.01175	53.54062
-20.42429	6.771481
-6.2127757	46.352394
-28.693865	-31.932066
-15.460046	-11.930293
-15.042689	12.597524
25.856794	36.41877
-16.50763	-53.361164
-23.171946	-32.84485
33.676285	10.514955
-16.935682	-3.0872788
-23.48179	-47.522064
-32.466763	53.648174
10.191362	49.780552
26.454165	25.365965
10.405138	31.143972
-7.4962964	-37.291084
-18.027103	-11.488633
-28.425123	-4.0976334
14.248428	28.636955
-28.419102	-18.680319
-19.718784	45.27465
-21.238932	-38.52514
-16.548788	54.422245
-8.300818	8.880355
-30.178503	-28.923994
-23.25172	53.078365
-21.340918	-25.38095
0.85889333	-3.3041935
-3.128447	-39.703403
30.152082	-12.588436
22.860998	37.146175
-11.191302	-10.282832
-10.861333	-33.86584
0.6163057	-28.653677
-1.7262514	-40.568455
-9.838103	-22.186947
24.24154	36.394836
26.037186	15.778204
31.612642	16.032276
-10.386173	48.920322
-23.775473	-14.340828
31.820343	13.150892
17.24497	15.632592
-14.032221	4.1471353
-1.6155032	-25.057077
14.486489	21.532124
-18.003244	-21.444035
-31.836739	-21.37587
-22.750137	52.620667
30.97491	-23.651918
-23.587814	-36.183147
-4.578457	-2.824386
25.484724	24.50846
-14.488064	-15.845092
-20.086288	-45.76125
-23.62861	-24.489569
-27.897118	-28.601076
21.750713	34.84753
29.857916	-12.24312
-32.28861	-28.585777
2.253882	-8.734654
-18.194387	-11.046449
-8.631046	34.24566
28.92802	-12.650448
20.5792	2.6447744
-29.849363	-1.4379269
-9.2547455	41.073982
-6.885433	-14.831351
-24.647215	-22.55306
-24.262213	-46.921337
-21.22256	-26.430975
-13.852198	-2.877042
-23.963129	53.655125
-4.119492	-10.784977
-20.541042	-15.694959
22.760534	38.14738
23.758766	37.477192
16.389418	0.0061645126
-26.527605	-23.227953
-6.260486	-0.6912962
4.027343	48.667572
-19.192871	48.936523
36.74322	12.033253
0.33756325	-22.971373
-26.38839	-7.5558105
-9.545166	46.272003
19.581396	16.458332
9.344188	48.89606
25.536945	-10.290067
35.500893	26.396067
-17.57421	0.62723213
-22.938023	1.0104759
8.291418	-13.984132
-6.7121253	42.65988
-10.6853285	2.2958846
-25.762163	7.7524433
-12.223296	43.734577
-30.575657	53.84831
30.71321	13.927292
-24.04832	-28.277725
-12.927015	8.547702
7.3260336	-11.209972
33.20823	-13.569274
17.583553	4.9989386
-12.709942	-1.9056046
-27.438961	-33.896564
21.80452	32.196934
-7.1386	47.581364
-28.752306	-25.470564
17.819164	1.0641739
-30.288378	-31.022
9.180902	21.575558
-27.782877	-15.170058
-23.325462	-12.994639
-19.726763	-22.784513
12.621753	47.237553
-4.426501	-0.9046707
-25.935328	53.544003
-0.10679637	-2.3295035
1.9407117	-10.956763
-17.23499	11.346157
-19.677849	-44.296192
-20.53364	10.437041
43.284615	12.522195
-29.64533	-32.588314
-24.226765	54.766014
-20.625933	-37.781006
-7.454616	-22.852333
-28.747923	3.7040794
13.201623	46.337017
-4.4681363	-2.8804007
25.211329	1.5971848
-15.492006	-20.297281
-26.30722	-8.561105
20.50644	-30.356758
36.03615	14.694856
-24.816528	-45.782406
25.178312	2.3080757
24.82163	-1.363594
-27.482395	-9.993056
-17.702827	52.99864
26.307955	12.540568
-5.646136	-20.198517
28.291616	29.998768
20.893177	12.571975
-26.410782	-5.515339
14.499932	49.7132
31.950573	-12.044539
-14.344572	47.93228
17.809202	5.370819
-5.2151313	47.749283
-22.788628	2.313085
-11.742155	-17.901804
27.664803	17.914024
13.875869	46.034794
-8.782655	40.135616
14.213129	29.251776
28.898054	27.066061
20.304474	-2.222344
26.570198	22.347538
5.502452	21.015553
-4.5418425	3.656008
-20.2239	-0.9428773
-14.964294	51.359634
17.408354	34.414265
-4.9827356	41.095066
24.776728	13.17874
-16.546816	-19.279734
-2.27418	-4.805481
-24.492397	52.36315
23.334742	-4.042182
-23.877998	-33.57815
-8.717304	38.369507
-24.98535	-25.402458
26.416483	-0.32893512
-21.40965	53.462585
20.51282	35.630127
-1.1680053	-12.887534
-7.4039364	40.355026
-12.341309	3.9146404
-22.91016	12.552967
23.711754	7.8221
23.749054	13.54711
-6.47105	44.63911
-16.259098	48.3214
-18.697346	1.970298
8.856367	21.439243
-16.528397	7.027823
16.235476	28.495169
24.211817	9.699188
-6.9309244	42.997013
-13.912588	4.3455577
25.065046	0.91488314
-13.815475	47.200993
-29.574156	-15.011997
-17.881046	-21.098806
7.720012	52.23796
25.213957	-11.654657
12.172528	25.269146
-19.053833	8.688075
-2.9425497	38.26956
-21.609982	-36.959682
-0.88196814	-16.633377
26.56035	1.0047749
-29.418554	-25.224928
45.183266	10.859136
-18.689613	-34.44413
-19.186605	-27.517557
-23.141792	-48.40429
27.741367	-1.8583443
-23.76919	-23.610317
-16.5651	-10.585136
-24.700191	55.884766
-22.795467	54.905403
-32.90622	52.814705
-18.465757	8.337959
-9.448682	39.125957
25.598274	-2.6985934
-23.09131	-28.053549
-24.455992	9.144095
-21.603874	51.107838
22.078215	-0.20547178
18.893677	3.2019243
-5.0611076	-22.32953
-22.46984	48.887413
16.723541	34.887356
-23.793135	-1.2896681
13.769298	25.267874
-25.171272	10.406456
-26.447437	6.424782
-25.795055	-5.840252
-5.540403	46.06745
-32.702137	-26.43477
-21.736092	5.764282
-29.87212	53.897007
14.687375	17.499844
15.707316	34.29998
23.722559	13.177965
-27.587889	-3.2870595
17.19722	32.768818
15.234435	4.231147
-23.634346	-15.524117
18.514565	15.459569
-3.798216	40.209366
-7.1605067	-22.03389
5.5085087	21.00212
-25.97028	1.387963
15.247713	48.2281
-10.910393	-0.19033504
13.10844	43.65859
-4.486256	-9.363889
-13.85642	1.7402153
20.559061	32.330036
-8.556559	42.825886
-2.5178282	-6.0767717
26.184847	15.167227
-7.769766	41.407246
-30.366594	-3.7479298
-8.448188	-14.60232
-23.81205	-8.913263
-18.51128	50.951073
-2.071421	40.0325
-23.195114	11.13153
-26.992632	-27.912582
10.681502	39.932266
31.444494	12.172586
18.33046	32.415997
-8.867855	33.82975
-24.467838	7.104753
22.917423	10.674176
24.769354	-0.04868168
-22.659002	7.2284913
-2.5467715	-6.73002
-10.855677	50.821457
28.439732	9.836038
-0.8008016	38.424606
35.273216	16.139002
27.463863	-2.7524796
-10.231265	43.701595
-31.181858	-2.0060115
16.065643	22.314955
17.650696	-1.5960362
19.277613	0.36028078
-30.856918	2.9478345
19.791462	32.125973
-31.293898	-2.3233337
-17.769323	9.541931
24.86262	9.907526
-9.2384	47.96058
-29.524338	6.494103
-7.8357086	39.514427
24.208502	2.8343306
-25.131239	-5.636426
33.96001	12.222148
-22.83855	50.673298
-15.248422	14.318339
-10.48568	-6.119223
-26.719744	54.90343
-17.11469	4.0770187
-23.532753	-13.636054
-6.5436573	34.480755
16.500065	30.823841
24.016253	-3.123135
-6.465752	4.785904
14.90468	26.397348
-27.883661	-21.164042
24.237614	-4.0098643
22.151981	12.082868
14.889979	-1.0494212
-23.892471	56.03146
-24.410147	-15.168349
-14.587335	-3.0074084
-10.043715	8.362475
24.741167	14.139752
-18.36476	11.954392
10.754615	5.810048
15.231279	25.202465
-22.099642	-7.031884
19.179878	14.186704
-23.330843	1.8143339
-1.882979	38.825016
-11.829556	6.196771
-11.86778	8.487903
-18.200008	51.854374
11.711422	28.670961
-22.512043	7.7178016
21.233505	35.099113
-12.30532	-9.319934
-17.122547	-26.546535
-27.477821	-6.773656
15.249618	31.527275
-2.5200045	39.537754
13.483692	51.26473
-4.19696	2.9857135
-21.425982	56.25198
-17.63789	54.64204
19.516129	16.306538
-12.611403	43.03324
-3.2141628	40.209145
-29.094887	-32.001644
-30.791254	0.7787722
-5.211083	39.966766
15.366409	21.96121
-14.209783	8.860388
-9.166354	35.32716
-14.031289	2.105585
-8.542188	-13.741823
-4.4250855	38.28949
18.228432	12.062283
26.609777	12.814482
-20.261446	-8.531928
25.792633	-3.778095
27.150158	0.8769721
15.218266	49.68716
-16.529371	11.964142
-18.428343	9.932794
13.390621	44.879936
-23.410921	55.381725
-11.042746	2.5456169
15.255308	36.54882
-27.539099	-2.2984774
13.748575	42.946903
-31.601418	-27.995895
-19.215685	-12.537171
-21.121323	3.3452394
23.64445	-0.84927094
14.148141	44.813675
-12.064669	8.077127
-29.875154	-16.22596
-2.8721817	37.645153
18.17119	12.551293
29.96551	24.257843
38.62847	12.940482
10.557361	25.182598
-4.9442825	41.28905
22.61518	9.4009
-25.637383	4.959366
-0.58063495	40.10801
15.232382	15.4414625
-33.254417	-24.554018
14.481384	50.760174
-10.417788	50.0214
-17.772068	50.61331
13.1829195	28.169117
-15.403465	52.907154
-32.038715	-26.479477
-26.812565	4.9018984
10.571838	25.09354
29.280306	9.192857
-21.316963	6.9474444
-26.249668	-23.734741
-16.159658	51.14932
13.704021	31.916727
-16.59864	1.1601553
-30.229334	5.9104276
25.091272	10.926877
-16.30042	-19.708988
-13.729724	5.2044315
12.355434	38.243877
-24.14326	-29.868706
-18.318226	53.3599
-14.603121	6.4642696
-9.172392	34.583717
-16.742529	52.307804
26.18442	-2.3276834
-9.258821	49.474762
-11.393164	47.923378
-5.373365	3.452929
16.094894	30.256681
-7.6288495	45.104633
-9.211941	48.700134
-30.991577	-1.4446987
16.627329	21.591549
-17.88162	2.3357182
41.183815	13.529716
16.323868	26.533192
-25.88928	-12.421661
-24.005522	3.3422642
-10.988594	4.930077
-31.711117	-33.11948
10.240294	43.470478
12.560703	29.728432
18.000778	0.80622685
-7.309947	46.35926
-10.53895	47.19151
22.528103	6.6961627
10.080648	40.80882
10.524655	5.766486
-23.082611	12.3540535
-23.962667	1.0920262
-12.823635	50.75007
22.35548	12.365477
-24.351915	-4.7571487
-10.856298	44.20035
-8.3605795	44.0231
