-65.61439	3.1522434
6.979909	4.2361913
-83.21246	21.456797
-77.117096	0.76891893
2.0129056	0.121694095
3.2200913	0.80480313
1.5780083	1.2479293
-63.151154	25.016281
-72.81795	-44.08375
-55.015663	44.082176
2.8068805	-1.4893814
1.2546252	-0.036274258
-65.3715	-49.00101
2.8576725	1.2705218
1.2053963	-0.20377177
1.6930568	1.0226413
2.0867631	-0.39634788
1.2079884	-0.18867165
1.2228487	0.25793242
1.1727259	1.1042488
1.2053136	0.4733801
3.0422063	2.16355
1.1986253	-0.2621955
1.2168869	-0.105817094
-0.37708476	-0.69142807
1.1745532	1.0689685
1.2025911	-0.26721936
-66.71459	31.964703
3.3131173	6.3928285
-66.23057	-9.608401
-2.3966572	4.0494885
2.3261962	3.4809616
1.2381406	-0.15724173
4.189235	1.6235212
0.28729948	-0.52489156
1.3818942	0.9416344
0.5629908	0.38162485
2.1504593	0.12302829
4.395878	2.933886
6.2133327	1.011222
1.0592269	-0.65005666
3.4610667	-0.09915432
3.4696786	1.400394
-58.042362	-33.43646
1.0504225	0.55982804
1.3223817	-0.0036756662
-44.05096	-62.81782
1.2025354	-0.95765966
6.977452	0.14581041
2.5610147	0.6799324
1.8325365	0.7106828
4.0014067	-3.5749073
2.3873084	0.92248136
6.9798946	4.1954436
2.1252592	-0.1260067
-1.9997778	-2.593603
-0.3047651	-2.6086125
0.56729335	-6.7254987
5.952904	1.5192755
-78.55536	31.044895
6.1975427	1.6240927
1.2061431	-0.22074386
1.2272108	-0.20930779
0.51465493	-0.21894057
10.021738	1.2592404
3.4927626	-0.6749228
4.3745136	-0.8566823
1.1596411	0.5339149
-72.94288	38.038208
4.363169	-3.6408389
-4.044761	2.4034638
0.19933936	0.18648714
3.795189	1.790143
2.2504704	1.1992801
4.7582345	2.483442
-1.1294405	5.39742
3.35949	3.6564507
1.5410331	0.9410918
1.7884955	2.3089342
-1.5335642	-0.8385985
1.7260373	-0.24758944
3.5647624	-1.3594357
2.0706332	0.72466093
-1.9000003	3.7321851
8.421031	-1.0532686
4.4786453	6.6962657
6.425489	3.771411
4.820047	1.4052137
-0.18170185	0.68787754
-1.7446158	5.58314
0.32587743	-2.2038805
3.6951103	-2.6572392
2.0214207	-0.7619878
5.0647492	1.5674747
1.7825364	-6.343118
0.40298086	0.1423478
0.042673577	-1.2195324
-3.8676925	3.0961237
1.5002509	-4.932622
8.99085	1.9983845
-0.04582174	0.05448123
6.677231	-3.9592848
-4.5998487	0.48656356
-3.2771652	6.0389247
-85.52165	-11.355547
-0.010779584	-0.59429485
2.9231386	-1.6527226
0.9729604	0.31224838
2.6670008	-0.45169663
0.68870986	0.98429346
2.68834	0.25485
7.4728484	-2.9268827
2.0953772	0.035163477
3.1154792	-6.3797765
2.675111	-6.097581
-60.752636	-41.28697
-0.2566073	5.6478477
3.248719	-1.8545195
5.8264537	-1.1366764
0.115892544	5.0018067
-1.6343564	-0.60176593
1.1192533	0.84435034
6.7997546	-0.68731964
4.2234077	2.1878254
3.9227355	0.4775206
-65.44351	17.81174
0.33043396	-0.09128192
3.4850385	-0.5378412
4.496861	-5.682443
3.002384	0.1601746
1.0370791	-1.6041387
4.892098	2.6615274
-0.25541627	1.060928
5.607774	-1.9767022
-3.2779925	6.038547
-0.6919227	-3.0565155
2.3286324	-2.6526175
4.3692775	-0.9426298
-4.63534	4.286035
4.3387146	-0.618806
-1.8335322	1.7535172
1.7460688	3.8560824
-3.8086855	-1.1515468
2.199321	-1.2141907
4.5654936	1.9421388
4.2733083	2.5278277
9.190044	-0.35475665
2.5656023	-0.7935629
0.47184595	-0.9662687
1.5856919	-1.3254603
1.1285667	-1.5115666
4.6722255	-1.0094463
7.0875716	-2.6110766
3.9869642	-0.9536708
-6.58919	-0.042152964
-0.7944137	-4.127123
1.5376519	-1.5856137
4.439478	2.233807
-1.8729658	-4.3684993
3.9086869	2.93881
-0.75878686	-0.535351
5.7633967	-0.28835398
10.379302	-0.17247379
-1.514728	-1.8579319
0.2871276	-0.31647614
0.81934977	-1.6349602
4.479782	6.6975565
2.7302992	-1.7997054
-0.347866	1.7565818
-5.9708047	2.2815614
0.5855843	-1.1777382
-1.1487839	-6.558843
-0.29446837	-0.053516947
-0.16908991	0.4231988
-0.4276438	0.07196848
0.73430973	-1.6102829
5.541119	1.4341147
-4.0255136	1.4311574
3.784449	-4.415504
-3.1056647	1.7615726
0.20913704	0.3657144
-3.6439667	-4.360466
0.58059597	6.193899
1.8246429	-1.2132322
3.3384666	4.1653075
3.138418	-2.7157989
3.8251643	-0.6009352
0.8400656	-1.2602482
3.484154	-0.28850538
10.577578	-0.25838873
-5.7718673	1.6078742
4.6827455	-4.4465947
-1.6317031	0.2050925
1.2332137	-5.468339
0.5249587	3.2614284
0.28473455	-0.6412698
-0.12628949	2.5660198
5.177741	-5.222684
-2.0969315	-1.0648831
-1.5299076	-1.4315759
0.84153044	-2.354096
3.3608944	1.4537513
2.5260975	0.15658428
2.8760233	0.5525634
-65.89754	-30.104635
-2.2357	3.419972
2.740927	1.070326
3.207854	0.18804267
5.5453715	2.8697088
2.734332	1.5292858
5.845661	1.9611915
5.394309	-3.3678021
2.7307274	0.40611178
1.9261835	-4.497191
1.3370451	2.5259438
-1.6891551	2.7912593
1.8203503	-0.5714756
6.524422	-2.3401802
-5.5272164	1.1056318
2.6801744	-5.121082
-2.4695582	1.7678803
0.90836674	0.55123323
-1.2793812	4.743951
2.7557876	2.858472
1.4929446	1.5420978
7.4159384	1.8935692
4.60161	0.7315562
2.1787837	-0.4812955
1.7231506	-7.7007246
2.1469169	2.1258469
5.382148	3.2759612
3.1939676	-2.1223974
4.2722726	1.2551712
11.235686	-1.2019582
2.1621342	2.747217
-2.945336	-0.59992176
-4.2410116	-3.2493804
6.086522	0.8621204
-2.838765	2.80711
-0.7621094	-1.8894525
4.3408227	-5.2224526
-1.9910871	-0.7634748
-1.3734833	1.2914623
-1.0159999	-2.2878168
3.1301577	-0.9996271
-0.17958345	0.043926217
-4.367198	3.1188982
-1.9171181	-4.398237
5.925755	-1.0716842
3.039766	0.66420037
-1.4148357	6.339075
2.573921	-5.648692
-0.4283616	-4.3900666
0.89620274	-2.353048
6.263129	-0.9052017
-4.588988	-5.1472387
2.1248891	-5.747655
0.47514373	-0.50253546
-4.3832717	-1.7935194
-0.011358172	-2.7025383
2.589758	-0.72742414
7.7843947	-0.56607085
0.14654563	-0.77292496
4.894033	2.3234227
3.5677013	-6.4997506
1.2417743	1.5276942
6.555598	1.2778794
2.166953	-5.3581963
-6.5762377	-0.040266994
-3.5393548	2.13726
4.5407453	-2.6490972
-2.8688786	2.9608219
0.3626481	5.1602435
2.4819305	-3.464596
2.4701169	5.965992
2.4511323	7.416603
-2.876286	4.5376844
4.728478	-1.308955
4.954727	-0.47107428
-0.2326476	1.3872294
4.400378	0.93787175
-5.091595	1.6042825
-2.6480026	0.19484414
3.6858258	1.1513267
8.287649	3.1600423
-0.081006706	5.851367
-1.6046342	2.2013001
0.090464525	-0.7402452
0.9084039	2.516781
3.6795797	0.11187367
-3.9781516	-0.13813348
1.0223402	-4.395194
-0.9221369	1.0566278
4.1197877	-3.5919073
-2.5083728	-3.2828162
3.330462	6.3543854
-0.96549594	3.5102077
6.8843193	3.0402765
1.568801	-5.591664
9.058876	-0.098346904
-2.7318609	3.7015793
2.2048798	-0.9166926
3.381087	-5.797132
4.6180873	-0.28257817
-83.58263	12.80296
-4.3837614	2.7033796
4.4042788	-2.5155616
0.89010453	5.360333
-0.12839206	-1.8882701
-2.607982	-0.31067553
5.221745	0.31057444
3.8140316	-0.06338829
3.2026067	-2.6129313
-3.3784728	3.0085063
-0.37770802	-0.37866905
-0.4815056	2.3336434
-0.03368686	-3.589217
5.660282	-1.4287375
2.312593	6.234922
2.622275	1.3585202
3.3819478	0.51396734
6.279899	2.7292144
-1.1413904	2.4957325
-3.5183084	1.9452089
-4.6867113	2.718576
3.7770908	-2.0881581
-6.1709385	0.49239215
-5.1902366	3.2262533
6.422693	-0.29987943
4.0201426	4.2227964
4.196326	1.2555293
1.447797	5.5177426
0.15962076	5.312924
8.377741	0.42644802
2.5507643	2.5784235
3.6950183	0.13273531
3.428142	1.2305025
0.1250565	-0.5615781
5.285737	-3.3809223
5.564458	2.9095516
3.1543527	2.562213
1.6078895	-2.5714858
-2.7921011	-1.3978932
-1.5577514	0.81628597
2.412634	0.048819304
-2.386319	0.9320493
3.0830798	-2.281588
2.1293108	3.8987744
1.5461167	-3.1262395
5.618345	-4.1241927
7.0061893	1.4415697
0.2718702	-2.3174145
3.659027	-3.8117163
4.04833	-0.23330526
-5.374339	0.29970583
4.6186647	0.2262768
0.1663899	-1.0993514
8.61662	-1.2355732
0.52132607	0.8046551
1.8416075	-1.8167291
4.0661235	1.7846849
2.5995634	-3.3675587
3.5050197	1.2811563
0.8569166	-1.0961198
6.2105484	2.3088653
2.9516687	0.2722121
6.7048903	-2.0018177
6.5988207	1.6353987
8.478086	1.4988371
3.129118	2.028449
4.6176248	-4.6642184
0.06707238	1.4408615
-2.5237634	-0.09898556
3.1221972	-0.96049005
6.338179	-0.4535693
3.3991008	1.2881964
0.25928557	0.82887506
11.674435	-0.30374742
2.5924182	5.3527575
2.6715903	1.8066717
0.7020929	-3.8079047
1.4486237	-2.73561
2.8489876	-2.0179255
-0.6440124	-1.4223173
6.1037607	-4.2923875
-2.8594522	3.4568777
-2.6337419	-1.9583243
-1.0685354	-4.5126777
-3.6881433	-2.8812525
0.45652887	-1.7696936
1.0576813	-2.494054
2.8662307	-1.336657
-5.219666	1.1454648
-3.9140828	1.3231103
4.45775	1.2673879
4.034839	5.020478
3.5405147	-2.9505987
2.0062344	-1.0576195
0.8450693	2.4750242
-2.4290006	-1.5099357
2.8132117	4.7686205
-52.85728	-45.967766
-5.83177	1.8680608
-3.889797	1.1839836
-0.31184265	-3.7169816
6.33089	1.2232653
0.8346722	-1.2551713
1.8339037	-1.7494957
1.1704602	-4.297524
-1.0988812	2.206386
-0.21089324	-1.3845859
2.9294708	3.8620496
0.31993884	3.0692391
0.57675135	-1.498205
1.754812	1.3577083
0.20001246	-1.2868181
3.4544444	-3.7260916
-0.06140598	3.8699913
-0.8129645	1.4776182
1.0815984	-2.250731
0.081296146	-1.9595069
2.9917123	-3.7348323
6.4565663	-2.9111772
-2.721044	0.12138193
0.2975795	4.61208
-2.780164	-2.5201335
1.2361356	-1.5795658
0.20514472	0.29908213
2.1629112	3.8927116
-0.27010477	-1.8583882
2.9617913	2.8863366
1.9566706	1.9814031
2.2586095	-2.6360173
4.759531	3.40268
1.2922126	-2.375354
-2.4793634	-3.0624797
4.4494762	-5.7342114
1.3855387	1.5266035
8.558816	1.5112739
-4.472016	1.7775197
6.1377063	4.2109776
4.7723937	-3.9715946
4.135723	-5.0727534
-3.675667	-1.4452298
3.5450742	2.2139437
3.9540737	1.3030938
-5.2475743	1.740966
-4.3002667	-1.401744
-2.7808578	-3.7438383
1.5818595	-1.2860374
7.1666584	-0.73519874
4.4561234	-1.6139022
5.182521	2.1522632
0.37872556	-0.39245757
2.147089	0.13947478
1.92032	-1.5727113
-0.9684029	-0.42804706
-2.6178033	-1.5325733
0.35984808	4.7078433
-2.557365	-4.248743
0.78041273	0.86100185
-1.3812302	1.4639648
1.9080453	2.0842152
-1.6797457	1.9893386
-0.086832985	1.5795105
-1.0124353	-3.6711023
1.6304451	-2.4633467
-3.2708952	0.26713678
6.8450913	3.3924737
4.60531	-3.2813632
-0.10032761	-0.9381935
0.30471426	-0.43407652
2.4661136	-3.7034528
-4.5888524	-5.1471877
0.96488774	1.364719
-1.8602144	-0.20141837
2.140635	0.5062598
3.6591904	-1.1485707
0.16657579	-0.29655558
0.34661883	-0.9928519
0.22100882	-2.019298
3.336265	3.2064753
4.3502107	0.5745368
-3.3500233	0.18538447
4.917847	0.6349424
1.4097565	-3.48155
-0.99023306	1.1901765
4.939161	0.9465717
1.0236617	-1.8381344
2.9140077	1.219312
-2.0443234	1.7894218
-0.06454147	1.0930705
2.583337	1.0781834
-3.1260722	3.838509
8.047741	0.7443381
0.34351814	5.2089686
6.228098	-2.4418366
-4.960256	-0.3591451
5.4054894	1.9334366
2.2159073	0.929681
6.0802016	2.277761
-4.3567133	0.54742706
-1.801875	3.7266102
3.650619	-4.196166
2.5816426	1.8119309
0.44351804	-0.53386337
1.1890763	4.243712
-0.6079837	-3.4533656
3.9972289	2.3035843
-5.610726	3.9573357
4.546606	3.8607433
-0.5744492	-3.8717482
-85.856186	5.0776005
1.0916495	-4.0516505
0.22087881	1.6064768
-1.2294192	2.4439085
3.0781767	4.8782387
-5.2917514	-2.5555868
-0.42271233	0.57853854
6.404745	-1.2057387
-1.4612373	-2.124514
-0.9362737	-3.9285624
-2.8455455	0.8532826
-0.93678313	-1.1009703
-5.476402	-3.2113538
-0.48023206	0.7640952
-3.0293496	0.6915382
-3.4222484	-1.8536221
-1.4946723	4.167407
7.356811	-1.4591383
-0.85533965	6.184701
-1.8193859	2.8173757
-0.9662491	-1.0675696
-1.5790689	3.0701914
-0.4873623	-2.4950469
1.5697826	5.238801
3.274518	-1.3488225
-2.7244854	-2.8018317
0.58064586	1.5472326
-0.20844369	3.38741
0.35189673	0.27169365
2.9436817	-4.330782
2.4596314	3.0955503
-4.03506	-0.9262505
2.0959861	-3.9230373
2.4805653	4.6428933
-0.664155	0.034250986
-1.6959529	-0.19398396
1.0854038	-0.32406092
3.929139	-2.6073534
4.339709	5.3493166
-2.2891803	-3.1657896
0.5107772	2.2495186
-3.886092	-0.84290993
4.38293	3.7204795
-5.9730124	0.45837954
3.3299475	0.13001066
-2.900774	0.5929041
-0.059675172	2.9551523
-3.1476412	-2.3720887
6.762475	0.7766063
6.5534086	2.6404116
1.3095558	0.07721307
11.882301	-1.5011024
3.743102	-5.2829742
-2.3707976	-1.632838
1.8036457	-3.2394767
6.407716	0.72749317
-1.9923038	-4.820734
7.4131694	-1.9010496
-3.6048172	0.093191355
0.47785845	-6.5647044
7.0259557	2.4272876
7.4617877	-0.44762766
1.354025	1.9666601
2.086494	-0.9983282
1.2126435	2.401757
7.076128	1.9706459
2.0852668	-4.6260905
5.5141706	1.313893
-0.18084452	1.9041808
-2.337406	2.5288236
-4.8471484	2.6223073
0.3519957	-5.2869873
-0.4101418	1.1390698
-0.103715904	0.428632
-3.8574998	-2.8540452
1.6918703	0.45434237
4.9724426	-0.30777854
-4.3707414	0.28356218
0.89722043	-5.207659
-2.8635294	-1.9133829
4.2750564	3.1173012
-0.624105	-0.33363757
3.5279603	4.2648354
3.2598426	-3.2612696
6.1258545	-0.040291682
2.2491233	-0.44395348
-3.8707726	-0.32219145
-2.767447	1.4856316
3.7851067	0.86734194
1.3874224	-1.6516848
8.020509	-2.4440315
2.9025676	0.24022011
1.283944	-2.738645
-2.0675104	0.4044049
4.89656	-1.1836035
1.3299888	2.8880134
2.307648	1.5078713
-0.6792247	1.5055969
4.9701138	-2.3836024
2.2348213	-1.9521434
3.2339509	3.270917
0.3949476	1.8402888
-1.6433012	-5.373235
3.1984067	2.67075
-0.06100316	7.2556005
1.3015313	0.16676144
2.1709654	-1.4818735
-2.1569362	2.865731
-4.058721	0.8307386
1.0462967	1.8477153
-0.7819161	-1.2175727
2.4939485	-0.121977285
8.824136	-1.4114168
4.713134	4.4103494
2.763286	2.020899
-1.8908391	-5.669798
2.7210248	5.0527143
3.076665	-2.3344193
0.10849734	2.667886
4.552231	2.5015988
-0.814854	4.0441346
-0.4227357	-1.5897503
1.3735132	0.40627062
-3.4289196	-2.2241633
-0.86706066	1.5240014
0.6997396	-1.1197357
0.7864504	0.9209365
6.283057	-1.6060222
3.493642	0.900367
2.060695	5.6278124
3.605996	1.9586443
-2.1948824	-4.1834955
-2.9265487	-1.5695459
3.8991303	4.530626
-1.0037631	-2.0708551
-2.983117	-4.690515
-4.595557	-0.095107876
0.46564496	0.69528973
-1.5233531	-2.5897841
7.0567985	-1.3350778
4.9215703	3.8946576
4.2708926	-2.061353
3.1604772	4.3553777
9.890582	-0.1515932
1.9630736	0.6058346
0.085522585	0.21899746
-0.50675994	-0.34888577
1.7490526	0.7408528
8.110168	-2.7439716
1.9876513	0.81258476
0.82166296	0.12069846
2.3361769	-1.0483364
0.41812155	0.45616964
-4.170056	0.27936196
3.1935463	4.7439427
0.13294278	0.1866533
-4.8766804	1.645127
4.9983525	3.6889155
-1.2644012	0.16590238
1.7202812	5.3995824
2.043529	-4.46637
-3.646726	4.070833
0.2446698	-4.2174926
4.5882587	-0.53902954
-3.041317	3.7976682
0.6565518	-0.9771389
7.545434	0.8276327
-0.42160824	2.1833446
0.2021952	2.4065325
2.934126	1.3999808
3.1036415	-2.6653018
-1.2160623	-1.2629998
7.8963614	-0.47440517
2.2138846	0.4111708
5.654329	0.9828534
3.9704409	3.217043
-5.493361	1.4109337
2.080127	5.1377892
0.34480044	-0.47165346
-0.4729617	-5.726603
-0.08864495	4.3833766
1.123983	-0.7476671
3.0792375	-4.5644913
7.8989987	1.6869264
-1.1768209	-0.72619843
3.4083896	-3.7041438
0.3919077	-4.9404454
-2.9995105	1.8421776
1.8380581	3.55283
2.5297065	3.0361571
-5.1645694	-1.826422
2.4396713	-0.7658685
-3.2628202	-1.2945353
-4.1854258	-0.55597526
-0.5177862	-4.8937817
-0.5358692	0.89576364
1.4260778	2.3819876
3.945452	2.1787584
5.5665493	4.303781
-2.6379075	-0.7886539
3.121813	-1.7321594
-4.233573	-2.2988794
2.3299155	-0.3385729
-1.9381057	2.0105526
-1.4857535	3.113952
1.7908453	-2.0398655
2.9474201	-2.8283896
12.789371	-0.35694486
4.090894	-1.944706
1.9608678	-0.85704905
-4.0422053	3.3302248
4.7903833	0.648373
0.8458325	1.2915081
-1.6097	-3.5720327
-1.369775	2.1838672
-0.5675997	3.492413
-2.5463014	-0.033957552
2.307302	5.952095
-4.6290307	-1.4001831
1.7845867	-0.17889166
2.6625652	-1.842095
2.5474894	0.13305208
-2.4920819	-3.7125852
-5.416973	0.58729184
1.7282753	0.4146853
1.0675324	0.80051124
-0.53626555	5.3065753
8.434963	-2.14508
-4.8080807	-3.3151445
3.272918	1.8860601
-1.0296153	2.1127717
3.4085155	7.279576
2.2207193	-4.2688375
-5.097642	-1.854657
1.1806045	1.7556857
1.6998608	-3.8998165
3.462561	3.0231435
2.1546345	-3.2891207
-3.3108263	2.2102475
1.8457901	2.8806858
-5.617445	1.2106311
-5.6274185	-1.0039078
-0.8427021	0.95350623
3.703466	0.94017917
-0.6331003	-0.500839
0.88708913	-5.274152
1.223406	-0.6296845
-5.463421	-1.5089047
-3.8499498	-1.5706954
0.2911584	-3.0065446
0.5422588	-1.659087
-5.4841466	2.5256608
-3.7924068	-3.5881836
1.0142577	1.799711
1.3307939	0.07187803
-2.6201584	-4.8893704
0.055579722	3.9957767
2.0653453	-2.3614233
-2.380113	3.1565547
0.22813992	-0.1973026
2.6721554	-1.4039888
2.5313916	-0.5434705
0.18672189	-4.216901
2.785677	0.84516025
7.0488734	0.6274684
7.1904697	1.9591066
1.2150087	0.057254143
3.4548347	-2.359823
4.1163993	-1.3511491
-2.503348	-0.8707591
-1.2033408	0.5135508
-3.095364	3.2102442
-0.15394647	1.1599258
5.405049	2.021301
0.12755607	-0.8020655
-0.014805306	-0.61228883
-5.5332093	-0.1778486
-0.41474703	3.890721
0.8280909	5.488892
-2.8084297	1.6527339
0.07510102	4.538827
-2.8432186	1.9514658
3.2985446	2.1072073
3.1524699	0.55749536
-3.954857	2.0754726
4.5577826	-2.622894
6.3039775	-0.58344233
0.75494975	1.6290708
-1.0392209	4.7982497
1.8133899	2.0157719
0.26957083	-3.3652232
-0.2602532	0.08134388
-1.8521429	-1.2623059
1.194979	-0.34040114
1.4942269	-4.8587356
5.920213	-1.7447838
2.3858964	-5.274376
10.460813	-0.10723822
4.124511	-4.191609
1.7691797	-1.7074808
-0.13170552	-3.3331442
-0.972323	-3.0866272
3.3032143	-2.1233556
5.0674267	5.106908
1.2965474	0.002057738
1.3633108	0.031730436
-0.65263194	-2.3963804
-1.9932554	1.4537717
-0.2537645	-3.2518106
3.8034503	-1.0789443
1.4278908	-1.6026006
1.6968971	-3.2755156
0.9697957	1.0034019
1.010494	-3.9163997
-0.5673312	-1.5218723
5.863185	-2.5766194
4.225341	-7.076789
-1.1837198	-5.1005864
-0.49015966	-2.918449
1.333244	0.27777192
2.882261	-3.9858174
3.6958094	2.7702594
1.4591185	0.4079149
0.7476488	4.7311625
-3.4535413	1.3071758
-3.5959668	2.5873659
3.3233392	-4.223849
-1.1065452	-3.1389904
6.086874	2.4657524
1.567089	-1.2694693
-3.4945054	-2.6280832
0.095548	1.8718702
-1.0029355	-0.5411553
0.043528117	1.8725687
7.48839	0.22182415
1.2211694	0.048699405
-3.214004	-4.8101306
4.239099	-0.71945214
3.183963	-0.009765841
-6.904834	3.6682587
2.6768425	-1.7325224
1.0765399	-0.61663896
5.9588885	-2.9854193
5.501299	2.3902283
-1.6309575	-1.4767306
3.2156513	-1.2705876
2.7356737	2.4200754
0.41394392	-2.4905658
3.4919121	-1.0051355
-4.1627345	0.9956136
-0.065280996	-2.4296527
2.6848183	3.6361856
6.2806807	2.041004
-4.1999364	-2.010633
-1.4079367	-4.1414447
0.5825654	6.1550756
1.3132327	0.05179089
0.119740166	1.2660507
2.54668	3.771407
-5.185162	2.0745132
-1.1291469	0.18035938
1.149582	-0.4851986
2.364689	1.8295741
-4.533936	-2.6018586
0.37555015	-0.38222858
5.1817927	1.2030302
-1.2663726	-3.6651592
1.5001072	4.1283445
0.246414	-0.023892503
2.4339206	-2.4531863
2.385488	-1.4988153
1.8484592	-2.7155185
1.499346	-0.83925205
-0.68473995	-3.197007
1.5416223	-1.647301
-1.0269666	-3.004849
0.20974362	2.2274013
-1.8358964	-1.890914
3.9993727	0.22535825
1.7397178	5.759169
-0.5434169	0.43829682
-1.344388	-2.7045205
-2.0600736	-0.83300644
-0.6289143	0.10510018
-2.7388482	2.7464483
1.9312507	2.4481506
-0.32864946	-1.514236
1.753229	-5.5190496
2.7160058	-7.2859635
-1.1839519	1.3303035
3.314954	-4.6654706
-0.68853223	-0.8943786
0.91746074	-5.0485907
-5.7401147	2.8472435
1.117251	3.4135323
7.6048665	-1.7927372
2.3254406	1.8588184
-5.6065474	3.94359
-3.1082294	-2.890581
4.38894	1.5717154
-2.4021354	6.110129
1.9919415	-1.5166923
1.6401212	0.61823815
0.52113724	4.488535
1.1964167	-4.1170635
1.9750652	2.8701055
-0.5663546	0.14325401
0.38331318	4.8267326
0.28081912	-1.594995
-6.026311	1.3350602
2.9583983	0.8658779
-0.29777226	0.55308616
4.318944	3.186289
11.423409	-0.225474
3.5951204	-4.816271
4.6474695	-1.5306273
-2.5444667	-4.3700385
1.3464507	0.10174477
-0.9874232	0.101564005
4.2973223	0.18469974
1.3428482	2.165088
0.6372842	1.0413672
1.3758534	5.3258133
-4.6235876	-0.17228603
4.996188	2.8988163
-0.61430234	3.3626103
1.1292615	-1.3119992
-4.9929423	4.814054
1.9754971	3.092174
-1.1062269	-6.5226407
-5.3701973	-1.4291881
1.9851773	-2.1128743
2.3236532	2.136868
0.82188535	2.6842363
-1.0602657	-5.9833984
2.792265	-3.366342
4.893325	-1.8977437
3.755397	-0.7168887
-1.594664	2.995929
3.135051	-3.4906366
2.9547513	4.3623776
-2.8326635	-0.4356107
-1.2347188	-2.4457753
0.98170316	3.8188996
-2.0445287	5.009435
1.3274765	-2.680857
1.2645732	-0.08280567
-3.3220687	0.032489654
8.453603	-1.9783466
3.9639301	0.18892096
1.5398737	-4.895596
-3.0462465	-3.4111207
3.7605245	1.639926
-2.1134531	-2.5099835
-0.8970226	2.744734
-0.06867896	-1.0850382
4.8173156	-2.1590436
0.9113972	1.4103305
2.3796728	5.1021194
-0.46719098	-0.8983593
1.1020918	-0.08151586
-2.6176507	-1.9603988
-0.5760775	1.3624368
1.0527921	-0.39100406
3.5653465	-0.8440312
0.5908678	0.23773405
1.1641597	4.064901
-1.1789774	4.887551
3.3344898	5.5727654
-0.633805	1.8230603
-4.9936476	2.0650718
1.0910133	0.25309125
-0.4025107	-2.3717535
0.053358685	-5.915966
-2.0768538	-2.9273827
0.8638315	-1.2957149
-0.5348903	0.8972848
0.36590952	1.4654475
-2.1130044	3.137942
0.49773687	4.5118647
1.0277112	-0.6625225
-4.3105407	-0.7417228
2.5381372	-1.2791095
1.356898	0.056455024
2.132397	1.6746616
1.2942183	0.3001016
-0.29814804	4.776091
0.9991718	-1.1180205
5.53865	2.4475367
-2.291987	3.6088958
1.948815	-1.488516
1.5608327	-2.0263424
2.486305	2.0207267
0.21006933	2.750651
-0.32117748	1.8052899
2.6138859	0.3975056
1.2266663	-0.32842496
5.3822446	0.21044062
0.15413116	-2.533816
0.6967441	0.52706414
-0.44627103	3.498482
0.14713547	3.8359816
1.0853562	-0.6257164
3.8831434	0.4825319
3.2879074	-0.43712163
1.2395556	-0.17229703
4.949986	-1.208141
-0.64635235	0.74420506
0.22456925	7.7634335
1.0268991	4.8785334
1.7929575	2.5275154
-0.7589917	-1.0486044
8.272844	3.1407511
-0.96289843	4.417691
1.0513896	2.8635144
0.14237668	1.3758574
5.7081227	-2.9840658
-0.52072924	7.0010877
4.1220975	-3.4807606
1.2030294	-0.46026814
0.0947674	-0.28959957
-0.6345822	0.7433119
0.9288058	3.9780037
1.044313	1.4999212
4.7767215	-3.9888277
1.2391527	-0.30978912
-3.4056492	1.2198687
1.5534277	2.341542
1.0242461	1.151457
0.5652954	0.4751416
1.4079465	0.16719502
0.8433521	3.1640418
1.3743511	0.0040726527
2.5405178	2.7235043
1.4007697	0.28322494
1.1256003	-0.82181525
1.175456	-0.37681654
1.0349102	-0.7248065
1.153039	-0.78047234
0.8482159	-0.59681123
1.3657537	0.054167297
-0.25544244	4.639303
3.5658612	2.2698417
0.08644957	1.731933
11.760229	-0.21326935
1.0322798	-0.604663
-0.29216596	3.4720182
-1.4866412	-3.6121674
-1.2212204	-0.59682095
0.43645513	0.28186682
1.0003506	-6.317082
1.0415664	-0.4832625
-2.847674	-0.99101406
1.7468865	5.1415524
2.673546	-1.9652352
-2.1915057	2.4437125
2.6528902	-4.6592894
0.93735343	-2.713919
1.9353567	4.0750203
4.028633	-0.3153148
1.1019859	-0.6111995
-2.6041715	2.0072637
0.89635974	0.8498315
0.1631693	-4.8203588
1.1352531	0.73475534
4.8028536	-1.5094799
-5.187797	0.64434797
3.4324255	-2.2138135
-0.92652863	-2.6504462
-3.8325622	1.689227
-1.9320481	2.9221745
1.7035328	0.059421297
1.2802285	0.011646372
-6.1500516	-0.32938415
-4.632075	-0.015595788
-3.1192274	-4.280899
1.2714058	-0.018871598
1.345354	-0.8848529
1.2225804	-0.13501078
-0.9414644	0.3106568
1.2525911	-0.5147149
1.1003379	-0.26767662
-2.5705142	-4.9492836
1.6468444	-2.7958858
1.1687411	-1.6759932
1.1273905	-0.77503324
0.15693545	-4.6582384
1.2660525	-0.019436779
-68.92587	-3.1103601
1.8474064	0.9456351
1.292618	0.008122453
-83.24225	-19.384344
1.1976117	-0.07352073
5.003622	3.460359
-74.51158	15.698552
-5.266107	-0.75119233
-59.25762	-55.52453
-67.418594	44.85629
1.2235395	-0.19428678
2.2263637	2.515489
1.3350027	-1.3106652
1.6784387	0.39826286
0.82862365	0.37722927
0.5053212	0.5470029
1.8321978	1.9327452
1.2477236	-0.055089436
1.2788261	-0.1641191
1.6930623	-0.83758855
1.8596044	-3.490774
2.0743954	-0.028454397
1.2644838	-0.030144684
6.3841763	1.9655193
1.3266344	-0.9904428
2.4789236	-2.7604792
2.4005268	-2.5376356
-73.001205	-21.450083
5.3844647	-2.272604
-82.92725	-28.353725
1.2411966	-0.17553934
-49.647476	-55.18237
2.5248961	-2.3854563
1.1816137	-0.2155226
1.6566434	-0.9256541
-73.52251	23.961603
0.67013526	0.53549856
1.201875	-0.29264635
-77.04472	-6.794098
-1.4130795	2.563965
1.7430813	0.67604375
-4.2973366	3.7192671
1.1164414	3.710152
3.0075867	1.1709999
-50.748726	55.35369
-4.236874	0.24321768
-74.700165	-29.20845
2.523393	-4.009248
1.2052299	-0.12352245
1.7948077	-2.9545825
2.1602128	0.38312188
1.0274994	0.45208782
-60.936924	51.936615
1.2863406	2.5938544
-74.79354	7.798951
2.5135431	-0.19451937
-3.3226652	4.2149563
3.5008504	1.6155083
2.146997	0.48667827
1.4087414	-3.4694169
2.8741093	-0.5646057
1.8839409	-5.8467193
2.2054117	0.6058988
4.2636204	-0.27005795
-1.2878686	-2.4817705
1.9676194	-2.8932562
1.2511084	-0.16298571
1.2375381	-0.20458634
1.2187287	-0.11524723
5.530799	3.0803216
8.459196	-0.21626431
5.552805	-0.6412362
-65.72588	10.472994
-2.2218702	-1.2720677
4.1984806	-0.9499067
9.817095	0.3537996
0.2590319	-0.37295616
4.9513364	-1.3541816
3.1601148	3.179894
4.6170063	-0.01459718
-1.3788681	-0.25071138
0.5405551	-1.9160365
1.9057341	-0.7710338
-59.466206	36.348785
0.508754	-0.0076601165
-3.38492	5.310125
0.95657325	-1.2133027
-2.013578	0.12232152
2.3810554	0.023742367
1.1213603	-0.348523
2.059613	1.1503768
-2.9615333	4.972342
-0.040123846	-1.4389117
1.1556922	-0.47544286
1.3821223	-5.471915
5.288012	-0.9597052
1.7805293	6.620358
1.18474	0.103499904
0.21588716	2.995161
3.5163286	0.79554635
1.1620305	-0.26730615
-1.7540456	-0.37863857
3.122921	-1.6363771
-0.91886806	0.909067
1.9248428	1.5368669
0.6386158	1.3355163
-71.27291	-36.457188
0.4818304	3.969974
2.0004368	-0.6051478
-1.2276839	-1.086844
-0.12085508	-1.0212806
6.2691765	-3.7373908
-1.5704602	-2.6221046
3.678652	-1.4018188
3.9906678	-1.0685391
1.5182787	-1.405699
0.65402526	-2.306618
1.2794896	-0.06452029
-1.412076	-0.68034935
3.5873048	-3.4186983
0.62737435	0.53576404
2.3401418	-0.17376879
5.646803	-5.1264906
0.15710077	3.3893368
1.4074532	1.7327399
-0.9488875	1.643176
0.6370161	0.44525874
2.8082027	5.9573007
7.6161113	-3.947505
5.7934213	-2.0589046
4.374763	-1.817627
2.4316876	-3.1926777
5.6378026	-1.3675352
-62.09859	-23.315248
5.884195	0.30641004
1.1768519	-3.237393
5.1806817	1.7044097
2.6599448	0.029204989
6.076572	2.3877912
2.0052845	-0.27208534
6.5245786	-2.5260768
2.3418097	3.4390156
0.57773674	-4.3217506
2.1655633	-6.619794
3.9187431	-1.3301966
3.0911279	3.7117949
-1.708406	3.4304404
4.550575	2.9931147
-0.079470724	-2.542532
3.287689	0.367016
5.6736217	-1.4111308
0.93662685	2.5740757
10.648115	-0.20856614
1.1226519	-5.68697
-3.678862	0.7580438
3.6374795	-1.6651201
1.767143	1.5039897
5.055149	-1.8052123
-1.5994836	-5.7687225
2.7631469	-2.5817375
-1.6506648	1.6910124
1.4833367	2.2482612
-5.5955815	0.2762778
2.2447953	-0.39511228
2.0388753	-3.3800263
2.521197	-0.05554104
2.5832758	-2.555102
-2.1495917	1.7423373
2.0667892	1.3545443
-0.8449132	2.1340303
0.18269749	-1.5130703
0.9743891	5.735316
1.1090108	2.4696257
4.2479973	0.9703749
0.58812684	-0.8934056
1.9408947	-0.94902134
6.788818	0.510163
0.9188475	2.2191632
7.769362	-1.1067063
-1.6812134	0.19739613
-4.5212297	3.3894072
-3.1519332	-0.9885157
3.574764	4.8131714
6.047502	1.4505662
-1.3121798	0.89371204
3.3917103	-3.8723426
6.393718	-0.24926168
0.9873119	-1.4794415
-0.6325983	2.7606368
0.65270114	-3.4827008
6.014436	-0.78789467
0.08657668	-6.628678
-1.5150813	-1.2139643
2.639299	4.0424576
2.1530638	0.9149524
-2.4605486	-0.28666842
2.607382	4.2649317
0.96232086	-1.9625827
1.7400234	-4.288144
2.9339006	-5.835472
1.9398617	-4.1770453
4.7299767	5.268034
1.5131264	-1.1112115
-2.9830894	-0.56684196
0.22552346	0.37166703
6.0205274	0.6006536
-1.810057	4.410246
2.244839	0.8079874
0.98996764	-2.7262897
5.029108	0.5743463
1.3669906	1.9088395
0.5323643	-1.0405283
1.0423411	3.005999
0.021811148	0.24361727
0.58532846	0.7598073
0.5781311	5.511115
-0.39561388	-2.610633
2.8020313	-0.11808748
1.6630454	0.89867485
2.10709	-1.4537213
2.5430088	0.06883349
1.8096231	0.83935285
2.9930778	-3.5614297
0.5348828	-1.6701549
4.0542583	0.9236456
4.6118326	2.0752566
-0.21992838	-1.0313475
1.3821639	-3.6319718
6.643042	0.23097351
5.4648056	-4.8056307
2.8625312	3.607351
0.7757097	1.9627401
-6.3093367	-1.2078075
0.057361957	-6.2484074
2.6053097	-0.74715036
-2.0124633	4.6535735
-75.1627	-14.054032
0.51743555	0.24530537
7.155063	2.6933248
5.3359895	-0.0013131334
-1.8977232	-1.6038419
5.367384	4.3920703
1.5143886	-6.819694
-2.4395287	1.4986026
2.4880757	-2.1100407
0.8410958	3.6054974
-1.978763	-4.197716
1.6776129	1.3010862
0.9304441	2.6813715
1.7962264	-4.5088525
1.0120646	-0.3326565
3.0495138	-0.5336474
1.5455408	0.94850147
-0.029533539	-2.3632991
-3.1027224	-0.03641738
1.2561169	0.8246911
-2.9605331	1.0513052
2.7695425	-0.07048936
-1.5566064	1.1973251
0.17052822	-1.7676095
1.9286724	-2.5540776
-1.9539013	-3.1893466
3.0782642	2.7891333
1.061928	4.96401
-5.782133	-0.41948473
4.6351347	-2.1389306
1.1069802	1.1548078
-86.51948	-3.1033192
0.16627619	-6.1420593
1.8700291	-0.57706726
-3.0305545	-2.3446965
2.412641	-1.4127927
4.422618	-0.5465889
1.2823448	5.8201175
5.8517566	3.9474704
-4.312517	2.6229687
1.9377854	-2.4101396
0.89022654	-5.6596885
0.7669778	-0.936887
8.365688	-0.21721059
4.9045916	-0.5308538
0.9477266	-0.59637505
2.9373205	2.2712162
10.31437	-0.21798348
2.190539	0.9329265
-0.6742568	-2.8673382
1.8447909	-1.2929819
3.8669672	3.829738
4.002356	5.5223055
-5.0199375	-2.8461297
4.7996187	-4.002816
0.5468054	4.374431
1.0436679	1.561889
0.62290365	-2.6116636
-0.78259504	1.8366674
0.33321086	-3.784328
3.9748456	-4.5288363
-3.0969677	4.0900097
-0.36791724	-1.1694417
1.6535392	-1.0943699
3.0091631	-1.1768148
2.653396	4.708498
0.7802	-2.2949924
3.6115305	-3.018789
4.1143584	-3.0533018
-1.0847819	5.3281198
0.8141211	3.0105329
7.7596726	0.5840631
-0.83482933	-5.42109
4.208682	2.5859525
-1.869853	-2.0943935
-0.60873365	5.2508297
1.5057884	-3.634403
-0.9839104	-4.5419903
-2.165646	2.1096458
-1.8088326	1.585619
2.8593738	-2.2515032
-65.25561	-16.592026
0.1455566	0.9486155
0.52794623	-5.3863897
1.7789944	0.7796738
-0.6271645	-5.520162
3.7186892	1.489319
2.8756049	-0.9541619
-3.9392066	-3.8801131
5.7137494	-3.9704378
-0.16154785	-5.6933513
2.2032068	1.8146772
-3.194429	-3.696401
3.2889924	1.2724783
-0.58722204	1.8013351
1.2332835	1.7374737
4.4420614	4.0576487
-0.48415685	2.32987
6.462041	3.630453
-0.14962552	-3.7464035
3.1829221	-5.2306795
-0.7355111	-3.9215052
1.0122027	1.4781644
4.290192	1.1872698
4.829653	-4.659261
-4.6956587	1.2430845
3.7488565	-1.5367633
2.471937	0.46327177
1.9558753	0.44942906
4.4451327	-3.3405178
2.7196898	3.278671
6.900283	-3.4361475
3.6345932	1.9483188
-4.346329	0.7441687
6.3966618	-1.9713699
1.2555346	-3.7955031
-2.272697	0.7200306
0.679564	-1.2166597
-1.6419773	-0.6307596
2.5442014	-0.9320813
2.0391748	-3.0808887
4.9273653	3.6610398
3.533102	0.35053223
1.5526385	4.773726
-2.819337	-1.5695835
0.33476624	1.0084081
0.26185438	2.3817036
-3.996186	-2.794043
0.7010039	3.3680508
8.041881	2.589552
3.3173096	0.64310086
2.6088996	1.444438
1.5760369	2.4384918
-3.6216328	2.3386052
0.012133663	2.1374557
0.18165231	3.3526855
0.73492736	2.886284
2.420913	0.86921805
3.0833535	-0.8334013
-1.8592753	-2.6630821
0.64290744	-6.046609
1.5642138	-4.092785
0.56927586	-0.8498505
-3.9974349	1.5044622
0.13372229	-1.0828637
0.77019703	3.76573
6.7200418	-0.21039088
0.45705602	-5.536084
5.149627	-1.2147512
-2.4173214	0.5225519
1.6918501	3.1913354
1.2521433	-2.043436
1.3388813	-5.7113004
-0.5431935	-6.251667
3.435677	0.541655
-4.471068	-2.0555704
5.9853067	5.1859164
-0.4151174	-1.4223206
-1.3983871	-0.96003604
4.099905	4.504273
2.5287595	-4.7623935
5.67057	2.937743
-1.7393421	0.3906833
-1.5795969	1.0146891
0.09589633	7.247146
3.4211774	-1.5123768
0.9278833	1.738796
1.7486824	4.7624373
3.8012967	2.1702244
3.2640834	5.171205
2.835313	5.4157486
1.2410578	0.770175
-0.01497831	-3.3968244
0.65282357	-3.9972212
-3.1959887	-2.0386739
-0.5028353	2.1713846
0.41812515	2.7081892
-4.859484	1.9854623
-2.2787533	2.9153013
-4.250681	3.1860716
4.192996	-2.2446876
1.2070652	-0.59002
-3.1943045	-0.24435319
5.3026175	-2.395085
-3.8415465	-1.9328768
-0.84578115	-1.7937335
7.3603444	0.2299659
-0.40174347	4.7547636
-2.6996732	4.571574
3.1093347	2.634847
5.219349	-0.56910205
-2.9030592	1.2129978
4.513154	0.9820295
2.7864847	-0.88187045
-3.1874557	-1.0368134
11.293979	-0.20988569
5.5459123	3.3167672
2.4553297	-0.7371488
2.785725	-4.7468786
4.527875	0.9367485
-2.2580416	-3.5736973
5.694375	-0.5894805
-1.497919	-2.9806468
6.355371	2.9682138
5.512266	-0.6394403
-1.1226145	-4.8145585
-2.7002034	1.3024077
2.3559659	-4.4744883
3.6195092	-4.9164248
3.88631	-4.020426
7.163973	3.0802863
2.2541747	-6.198064
-1.9016054	-5.2522564
-4.995119	-0.74228305
3.5939262	-1.6869987
3.4189093	4.0893564
3.5618374	-1.8103406
0.83608717	1.8752956
2.9490337	-3.59629
-2.1001527	-0.14080635
-5.4645767	-2.5755935
3.7725344	3.8821802
4.6390557	4.7345457
2.224697	4.2454114
0.3930249	-0.041197337
-1.7050667	-1.8541785
0.72907275	1.742647
3.6223583	-1.1435385
1.6560595	-1.6302191
-1.6076502	0.69559413
-2.7926114	5.848507
8.185989	1.1010938
7.1007648	1.1413252
2.1467636	-1.8084303
0.43872213	-0.48321402
6.798688	-1.0000789
-2.4049385	-2.24683
3.2811162	-0.2054101
4.8102136	1.9623206
-2.0174334	4.142867
1.1989988	3.5052228
2.4739244	-0.42114705
7.065192	-1.6458215
3.7228017	3.3358068
-5.3796954	0.15567161
-4.307685	-3.5217628
1.0161562	-2.6851742
-0.303981	3.9514005
0.90698844	-1.9092021
11.923668	-0.6256724
-4.9255376	1.6211832
-0.96479934	0.5378694
0.07449369	0.7531983
2.0756142	4.6596384
-6.069515	-2.0409482
2.4697301	1.1384714
4.2317533	-4.563983
-2.15527	-1.1407701
1.4425738	-2.4262319
10.5035095	-1.6976204
5.614597	-2.6761923
-4.362416	-0.07033254
3.7957077	-2.3886225
5.1894283	1.2393124
-5.6194987	1.0221096
4.7878304	-5.2365375
0.3404877	0.19629595
-0.92646706	-5.436101
2.4103677	-3.623653
-0.48196968	-2.639706
-2.7698696	2.0345964
2.756917	-0.2723121
2.7464113	-1.1962231
-4.6115375	-1.3912346
8.051016	2.579514
-0.008188134	5.943812
0.17579684	-0.13281988
-0.89004827	7.008621
2.5372734	0.9061068
-0.05261848	1.1940129
3.9213896	4.5233
-0.0877616	-0.0055705896
2.7358763	2.2144072
-1.7315776	-0.2852282
5.987808	5.2082524
1.6334563	-0.77094823
-1.1093203	-3.0921292
1.1364762	-3.2736955
2.0257878	-0.7695948
4.6902766	2.8758008
-4.634636	-1.1421938
1.878119	-3.5704608
-3.7407162	3.7618678
0.63999027	-1.8805858
2.3641806	-2.0280528
-0.357193	-0.9398083
-5.1314464	-2.046478
4.786553	4.961936
2.9094954	-1.6505867
2.4549363	1.5027499
1.0901791	7.0145783
6.2877045	-1.2927215
5.136412	-2.9067743
8.6953535	1.8593208
5.768767	4.395081
1.1786972	-6.9011226
1.1322607	-0.6352906
2.4985564	0.9379375
-3.0865905	-2.499706
1.6202102	0.49306464
3.1765976	3.065392
1.6366065	2.812589
-1.1113157	0.77617383
3.8357067	-2.3303218
0.6594341	-1.8303429
-1.222606	0.9336613
0.3088051	1.9883411
-5.6309032	0.52562636
-0.32918787	5.884943
6.76443	-3.825706
-1.0783817	-4.276783
1.2238586	-0.4185857
2.8819537	1.5264766
7.831582	-1.543327
1.5694494	-2.0470872
-2.3895814	0.82286996
4.728429	4.3322883
-2.8616366	-3.2407303
0.7054619	2.193005
3.498169	2.597455
-2.1096585	4.765959
0.98635936	0.02619803
-1.4255056	-4.025618
-1.4402977	-1.0529742
-2.4416068	0.60031444
1.2983128	-0.04092735
1.1147784	-2.8704638
1.275065	5.1335907
-1.0754372	-1.6716961
0.8540443	1.6183356
-0.22135495	-3.955619
1.3594524	-2.3681188
0.35348478	1.8168461
4.0679975	-2.6900966
5.7423596	-4.5867295
5.5938215	-1.7465365
-1.5669868	0.02235852
1.7892128	6.580421
8.069674	1.2531393
2.386637	-3.875403
4.0660586	0.56421995
1.3910319	6.196595
-3.619657	2.640861
7.8845696	-0.69057137
-1.9144166	-3.5118332
-1.6372672	-3.6178446
0.29568866	1.1570007
-2.3105686	2.4036462
-0.6488706	0.26474136
1.209946	-0.459955
-0.56486624	-1.9757833
3.315662	-0.2630527
-1.5956693	1.8669885
7.6420755	1.803191
0.13103084	0.51590127
-0.78332436	2.5918932
4.849748	-0.14404333
5.0537543	-0.15761045
1.4180964	-2.5720751
-2.3057103	4.679291
4.7924247	-2.85303
0.62252754	-1.5233923
1.1247436	-1.195261
-0.946973	-5.695989
2.4892426	0.89510137
-2.8515587	0.3714298
-0.529131	-0.771067
4.3982897	0.37226635
-3.0695121	-0.7803481
7.180791	-0.10484712
0.028617837	-3.0463634
3.635822	-5.741516
0.22988647	-3.8463936
-0.5548395	4.4948583
4.209496	-2.0944972
0.34426567	-2.6639
0.8242357	-4.69956
0.18248473	-1.5349791
2.422709	-1.3039051
1.7383428	1.8128129
2.2805994	-0.9120971
3.0703745	-2.988131
2.5417511	0.6745879
1.7113948	0.739275
-3.2319908	0.78621453
1.295731	-4.7104774
-4.387581	0.7600729
3.6048388	5.576135
1.9510473	3.346936
5.1089506	-3.53794
5.7285852	0.34200048
4.6421957	1.6223414
1.0739211	2.8507974
1.8532983	-0.39178768
3.9131553	3.0334225
0.40817916	-3.3187563
3.4667923	0.72214603
-1.4942124	6.674885
-3.8467224	-3.1432545
3.278942	-3.0027225
5.9218273	3.7614944
-0.28143537	-4.4288864
-1.6365031	-3.1482837
1.8419598	2.8491733
1.720459	3.4434395
-3.7445436	-4.211141
0.8792355	-3.7700865
1.3887408	-1.2421542
6.3939614	0.3621703
-0.97055113	-1.9798292
5.087509	-2.770633
0.050142974	-4.0059547
0.965083	-1.1126406
1.4067525	0.033011355
-1.4027991	3.5707903
2.112015	-1.0072173
-3.602784	-3.7457483
-0.6328023	-1.9529607
3.0994396	-0.10023709
-2.9632242	-2.6868076
5.391601	-2.9297707
8.082751	-1.9901046
2.5966985	0.6175679
-5.3287716	-0.9197056
0.5561881	3.1652174
4.7785473	-3.1606727
2.4534278	-0.25642088
1.2102628	-0.5372283
2.9669466	-2.258785
1.7248261	-1.4510597
-1.9924138	-0.46491724
-1.6296439	-4.6267815
1.1858034	4.5178075
3.064917	-2.767863
6.047224	-2.2748864
-4.773544	1.2738055
0.5468423	0.9494491
2.3646755	-0.3375207
-0.7652622	-0.70283604
2.6726444	-4.8192706
-4.1260023	3.8773875
0.183234	-1.9730585
-1.6199567	1.5952693
-0.0047274176	-1.7304513
-1.2250276	-3.607256
2.116029	-1.7097948
-2.3218756	4.069282
0.50469506	1.3025477
0.25092873	0.5681189
-0.31779397	0.49289697
5.118709	-1.4567214
-1.776331	0.8355616
-2.3107996	-5.4035583
3.9026902	3.4953587
3.8259718	-5.6337104
-0.6582084	4.1578875
4.6039567	0.35179812
-1.7392094	3.9263406
2.824145	-0.9891649
-0.55654633	-1.0759045
-2.8516443	3.2777026
0.5389208	-2.8237064
-0.6823261	5.5425143
1.2600162	0.070438154
4.624149	1.9176298
0.3323797	-4.701072
-2.4044986	-3.7891037
-5.58897	2.8751175
1.2312287	-0.5864071
7.764681	-1.3812294
-0.7115439	2.855791
1.3627445	0.36362424
0.9551606	1.3002483
-0.963878	-0.8629904
0.4643611	-2.5647385
-1.0965725	-1.5643877
1.5147947	4.1077814
-1.0978521	-1.5020106
0.6215259	-1.1267898
-1.0128672	1.7344674
-1.9307091	-3.2362812
-3.885508	0.27501458
-0.07785146	3.4486055
2.999136	1.5710828
-0.47220504	-0.47723344
1.8609402	5.7315288
-1.9011344	0.960797
2.3052483	-2.2213745
2.1398413	-2.9491017
-1.2598189	0.0714471
0.7166071	4.3894334
-2.3120348	6.2635403
-1.3355359	-2.0983598
-5.094563	-2.772191
-0.048926383	-4.733097
-0.15621081	1.1380042
-3.4737968	-1.0497944
-1.1005974	3.4368606
3.7361093	-0.11541508
-0.42854175	-0.2599562
1.5328628	3.4100783
0.09091751	-3.4710176
3.951559	-1.9546093
1.961151	1.4624747
-1.3328936	-1.6651473
-5.7875338	1.0910941
-0.72421736	-2.2415655
0.6324082	1.2163767
-1.591116	-4.986885
5.4230833	-3.2481751
2.0694697	-2.241333
0.47198328	-0.3653695
4.539055	0.29920912
5.630332	0.61097264
-4.197612	2.1215978
0.96282077	-6.0100517
0.7625988	-3.6444943
1.6332489	-1.204916
2.652923	-2.8376265
1.4827124	3.3211179
0.8627048	7.9594126
0.7981185	2.5749056
0.5313865	-0.03795187
3.3448508	2.6459987
0.28215098	-4.623671
0.88306075	-3.2185373
1.2477974	-4.4953895
1.4265543	4.409529
-0.2239275	-0.4720119
1.7863652	-0.6168986
8.007649	0.159168
1.9810153	3.3898065
1.8102006	0.91327214
-2.1592674	-1.0748943
3.6782296	-0.8109855
-0.18589732	-5.302755
3.0397205	-5.380239
-3.6880853	-1.7701045
6.73917	-2.1058824
-2.6513882	-1.1333658
-2.1589808	0.24985445
1.3930224	3.279971
1.0154115	-0.29184768
1.5795624	0.4259091
-1.7398914	0.69412357
1.3839732	8.612708
1.2748632	0.088289976
-0.37542966	0.86297286
3.598813	5.614908
1.0468415	-0.5051874
1.0922397	0.9686331
4.079125	-1.452336
0.86666685	8.2138815
-2.1865168	-2.6154428
2.8362238	1.6447618
4.812203	-0.81370914
2.4993563	2.44184
-3.6291883	-0.6173908
4.1966386	-0.23726077
1.4259138	0.06980494
0.9429428	1.5884131
4.155805	-2.6645248
-5.833521	-0.57261115
-0.8077352	3.7041864
-2.1058552	-1.8050445
5.4392223	1.1255721
0.72990984	-4.274495
1.766922	1.7225244
1.1492176	0.46393198
0.9733269	-1.0522633
4.1638536	-3.6016407
2.0445197	3.4369302
-1.1739563	-0.086235106
1.416051	0.28377458
-1.6347201	5.109239
-0.37397274	-5.1907783
-3.232594	-0.25170305
7.0515847	-2.6182837
2.960979	-0.3304555
2.8270404	-0.32447463
1.1453155	3.9104877
-1.4196273	-0.11917409
3.029436	4.735511
4.979173	-3.695131
-0.24972518	-2.1256168
0.7804938	2.435594
7.4782305	-2.8172097
1.0964116	-0.06595643
-0.8512366	0.38476202
4.2832394	-3.0575042
-2.5853024	0.6623656
1.3651813	0.11636949
6.472816	-3.4361262
-4.2425356	-2.5204387
-2.9322734	-3.950818
-0.1630772	2.7228909
11.705479	-0.22082084
2.6034021	3.9222083
0.6043572	-3.04647
1.024445	-1.4352821
5.320272	-2.3583906
-0.17328754	2.4076977
1.1623168	-0.47215205
5.451323	4.7052035
0.64374983	3.6592095
-0.26164734	-5.1412663
0.39101475	-0.2955002
1.7080653	-0.93727946
1.273091	0.043502033
1.5864654	-3.1042068
-0.43561497	-0.21483077
1.6675105	-0.036396176
-0.602203	0.22751921
0.050591383	-0.95296514
-3.2200966	3.2099888
1.666086	-0.39672172
0.3176747	1.9514886
-0.66220844	-1.3495455
0.23544857	-1.2661699
7.151964	1.4817921
-0.31775343	-0.29468536
1.1344085	-0.7157653
0.23095246	-0.43666264
1.2672541	-0.102931574
0.6248193	-4.482692
0.9794003	-0.5777533
6.095585	3.392035
-0.20690772	1.475049
-0.32270288	-1.9839203
-2.845672	2.4508066
-0.1451667	2.513906
-7.880128	1.1342871
3.9526165	-2.5612063
1.5144181	0.5423947
-2.4788392	2.4220521
3.7269154	-2.7046812
-3.0321221	1.4569656
1.3248292	0.03775291
-1.2222496	4.354136
3.8058686	3.8071067
5.2223587	-4.323703
0.30654055	2.344336
-0.4880813	2.5816514
1.1427549	-0.08883443
1.971791	4.223326
1.087703	0.9025721
0.39299506	-0.9367758
-2.2380066	-2.2439806
0.92127764	1.8931527
1.8824269	-0.17041285
1.0778525	-1.0945007
-1.4100821	4.029604
5.6727867	0.21696097
4.424774	-1.8501202
5.7829676	-3.880078
0.86079353	-1.0183337
-4.6820555	-3.5231009
11.820146	-0.42136592
-1.5270103	-0.2541451
-0.8915519	-1.7738881
-1.2628027	3.7230043
1.1110665	-0.49459597
2.0891075	-5.5259857
-0.86651224	3.2785232
0.85693645	1.5029036
-1.9107914	-0.88579893
1.8586649	1.2006255
2.9799378	-4.4877367
1.3426106	0.45265833
1.6381853	-0.99028313
5.3393116	0.5523715
-2.8600805	1.0295683
1.8930763	-1.1459509
2.5039473	1.857694
0.8739991	-0.045828123
1.691314	-5.715461
1.1437498	-0.056806915
0.98784214	-0.5523796
8.971381	1.0564128
-0.8836949	-0.09811696
4.5301285	-0.06964761
0.8831558	1.5775105
-1.8431793	1.1057444
5.0274076	-1.943008
1.2029375	1.5363959
-0.7823213	0.66173774
-4.847112	1.0007768
2.646645	2.329767
-0.9801934	3.121326
-0.43553814	3.0633597
1.2462416	-0.17333709
-0.78664386	4.7268777
-0.5886088	-4.295148
5.683694	-0.37655887
2.0106394	-0.050561693
2.7674463	-1.2549009
2.7234077	-0.65744096
1.1505538	-1.9263815
2.2088661	2.7907457
1.4000514	-0.049474563
0.11476951	-2.9361625
0.75790316	-3.6923084
0.71202594	-3.0091197
2.4464378	-6.4633017
-0.3720755	-0.35803908
1.266836	0.21469049
7.5828977	-3.911062
1.7939957	1.6859244
5.3390045	0.6875507
6.266645	-3.0007634
0.037200786	2.429992
1.3318183	-1.8901988
-1.1685424	1.8996817
-1.2658309	3.77524
0.35871655	-5.264319
1.3358395	0.15139031
-1.315834	2.5024536
0.37167025	3.446022
-4.8296633	2.1779099
1.1992939	-0.27925688
-0.7571305	-3.2478218
-1.6208348	1.3174376
1.7647029	0.2568018
-0.19808537	-2.5395129
-2.0231135	-2.3484917
3.019851	-0.81690073
-3.9114017	2.508811
2.4928896	2.5890248
1.2620865	0.04616351
-1.7562155	-1.8328682
-0.44022372	2.7222564
1.3329386	2.7828908
0.11200842	-1.422326
6.215336	-3.4345639
-1.1384361	-2.1026194
1.070474	-2.447171
6.1816306	-4.612699
-1.1690795	2.8171513
-4.4243274	-0.2644087
0.6910767	-2.848512
0.8627995	3.9203398
0.9548633	2.2387497
