1.6401294	7.000972
6.06474	-30.232176
-10.412613	29.292688
12.991476	-29.579027
-18.063507	-39.34922
0.8853349	6.702196
-13.316676	31.777422
-16.367239	-41.387173
14.275283	-32.619213
2.311487	7.8095927
11.867563	-29.611021
-14.704249	-38.086308
14.039768	-34.72934
54.68359	1.1303139
3.5629232	-29.401972
-30.052973	16.016954
7.571079	-35.89677
7.965255	-36.551037
-21.898941	-2.4369109
-34.97771	15.222032
-30.102495	15.8465805
-18.5354	40.88256
-16.076683	-40.83519
4.193267	5.9730616
11.749911	-29.681747
-28.779068	-1.4553015
-0.26178238	6.0659013
30.95093	31.58112
-14.5500145	28.019588
2.2279909	7.0325966
-13.428015	31.792103
-17.299425	41.176155
-15.579894	-40.896267
12.08908	-48.33905
6.09798	-49.066547
-30.403057	15.686797
-4.499453	-48.009533
-12.106255	-42.314034
-15.193118	26.384705
3.568751	4.7514195
-12.097152	-35.091885
-21.817646	-38.002472
27.991007	-7.3197556
-15.243101	27.121181
-12.300645	-42.22303
15.258259	-32.50834
30.965694	-9.587008
29.086359	-14.864253
28.22899	-4.578217
53.914467	0.5436033
-1.5039185	45.659615
-17.90932	-34.684265
-0.97215086	-28.479645
5.9356513	-29.10985
18.761211	-40.35887
4.731434	-4.5317893
24.630816	-5.546925
-32.25698	12.921718
-13.487067	-41.514202
-16.26532	-39.03864
-20.422575	-40.55175
-18.325735	-38.35078
-0.90207344	-50.426426
-15.609037	-34.08888
-2.4158983	-48.312798
-3.2846246	-43.674408
27.01672	28.736929
3.6453032	-28.249704
-24.05649	-36.90443
6.901679	-48.9596
26.797733	27.867489
28.792616	-13.865793
15.474134	-32.226265
-16.313587	29.043093
-20.303312	-0.06456263
16.564127	-42.654533
-17.813921	32.75667
-16.905788	40.76908
-32.97661	15.238432
26.782143	19.813942
12.205604	-36.761967
18.647032	-40.269184
61.89101	1.9631196
29.727177	-6.6559854
28.108498	29.99379
-23.513927	-40.10979
29.426569	29.816391
-23.389814	-38.659046
6.2514467	58.001583
8.316219	58.808125
-20.509571	-31.467644
-15.237768	-31.239712
-20.770473	-40.083885
5.3695154	57.790085
-13.064082	-36.830627
-6.2711043	-41.28872
-7.3127255	-28.965975
24.282625	-1.820718
-5.758991	-28.248327
-22.95304	-35.744167
14.04897	-37.159386
-6.503661	-26.500668
28.646013	-14.318216
29.752094	-3.4306295
-22.23609	-39.485176
-9.470071	-35.483337
21.123781	-9.091049
-20.054327	-38.553833
-9.819527	-34.91805
-16.705492	29.698065
-26.540876	-1.6558789
29.414743	-5.597058
-20.704584	-34.18085
0.4478554	-50.60518
-9.745172	-43.18229
-31.66359	15.279531
4.297114	56.116505
11.100827	-37.114464
21.597326	-8.095144
16.054083	20.625448
27.060066	-2.9032803
-18.34445	33.987232
23.718132	26.40188
-0.2564443	47.1137
4.7086177	-49.330025
-18.356691	-35.47116
14.347365	27.236753
-21.782074	-38.30439
-23.73493	-9.07154
13.830194	28.098373
-16.014433	-35.36182
5.9995337	59.244804
-3.7318242	53.763325
-2.4303777	-44.465057
29.752266	-3.345227
22.488905	-14.731408
4.864004	-17.038462
-3.5023358	-41.19738
-26.034266	0.50981456
1.9299871	-23.970133
-3.0481055	-49.242905
-29.066746	0.89695424
21.640491	-5.939805
6.7001724	-19.651485
16.98522	-42.13098
10.798918	54.105835
-12.220369	-34.78328
25.569078	25.995768
-7.6704264	-38.982895
7.387807	-49.63278
-14.862578	-28.666098
13.017765	-36.591717
5.275396	-49.827183
16.522888	-42.790867
0.58694667	32.984806
-13.571266	-28.272165
-1.2153577	4.5690355
27.524614	-6.8029037
2.5931225	-48.892773
28.281532	-6.0291414
-12.014831	-38.414154
15.311741	-40.23209
-25.915367	-39.138798
-0.37689474	-52.474583
0.020224877	-50.961
-19.166576	-22.33708
-23.596155	-40.154682
-24.487568	-38.94278
-34.89242	5.5521836
21.450079	-5.6441717
29.33815	-12.234499
6.653355	-47.86148
-10.873534	-40.765488
-6.182192	-28.294437
15.724634	55.043232
-26.492401	-36.184555
1.9471874	-23.914036
12.604675	-20.336134
12.876483	5.6673994
-19.662535	-17.905746
-9.605265	-39.20728
-2.1891792	-17.867418
-39.164886	17.90355
-11.308773	-39.07314
5.9535346	58.09671
-19.650967	-26.94305
-13.020359	-31.285795
2.4205287	-49.43042
-4.7572584	-43.09233
-17.298878	-33.15965
-0.9907536	-47.737568
-20.503181	29.155304
16.269783	48.9004
1.9484061	-44.38887
-34.148514	15.482624
32.67336	24.731209
-19.032265	40.38047
-7.339226	-11.398123
24.447496	-1.8354315
-3.6791847	-48.99795
21.872227	-8.783876
54.237923	-0.060409263
6.69753	55.366962
0.11319522	42.25501
31.722906	21.916378
-0.018780334	41.302086
29.464731	-7.2232456
14.610652	-41.73849
15.390979	-42.071056
-16.850609	35.46104
-14.385946	-4.2541175
29.003475	23.848331
2.7637208	45.80086
-20.062122	-0.23801027
-39.049625	17.151943
62.3925	1.8953904
-10.590396	-39.02354
21.3738	-10.366117
30.925848	30.74841
31.199537	21.014286
15.064925	51.51213
-19.619686	1.5911973
-20.306328	39.331383
-20.748783	40.12923
-32.954456	13.969284
16.89997	-1.9930414
-19.75983	36.838566
-22.8968	-35.24894
3.0563924	-19.32582
-56.19189	12.766315
5.618715	-18.805183
-10.889	-39.869934
-15.751815	28.289654
-13.817017	-28.856005
-54.915115	18.304146
28.509096	27.260584
15.328215	-18.377148
-20.441309	-33.79198
-0.22344378	-45.965534
-9.288059	-29.599663
-2.4654872	-26.946695
-22.144276	-13.729151
-18.634382	29.178816
-14.271315	-23.806664
9.329692	-19.279402
10.555318	59.84823
16.367374	-23.081984
8.973444	-51.267235
-8.813171	-29.61169
3.8791354	54.677567
-1.4758466	-41.158264
-19.230999	-35.3816
-9.497969	-27.062859
-5.713818	-5.7558312
0.5914826	-49.64555
23.780382	35.080425
-20.70806	-29.811943
28.616713	-11.702361
21.933552	29.15971
3.0356288	-18.87894
18.723242	-3.3202777
-12.94862	-39.183994
5.3139186	53.995617
-20.782839	-0.24896109
-23.181194	-35.965233
-54.75595	11.371223
-23.158419	-33.62262
-17.14265	-28.66116
0.37663537	33.172993
-22.630758	30.59988
15.086218	-40.584915
-0.37901375	44.494366
-40.177464	5.3770366
-23.430067	-12.942684
-20.60353	-15.941113
-4.3583965	-10.972089
3.9364603	41.497055
-2.7692022	43.68692
1.5443442	42.886497
-24.397066	28.358816
25.67155	-12.09798
20.82518	-4.7273855
28.124247	19.728844
53.799427	-1.4094552
56.469875	-4.811944
0.4941384	-14.902117
26.359343	-6.1460457
-19.116848	-33.022305
-54.002796	9.451346
-22.952518	-29.776995
-0.009189688	-9.455916
-5.6311483	-17.658394
26.925467	-10.143527
-12.594563	-25.145004
10.215091	34.24266
-14.5634985	28.09201
-3.7535727	54.386467
22.717438	-11.134456
8.826296	-20.498034
-26.372606	-36.85821
0.50022995	39.299706
27.2865	25.917522
3.6738892	55.84531
-9.286391	-37.29705
13.371044	-39.6498
-17.833105	30.567123
-2.159637	43.346268
-33.994205	5.8139896
-17.85185	-30.434923
1.6792922	-51.559185
52.27862	-8.055835
29.051542	23.808405
17.601162	19.905619
1.7135817	-16.196178
-9.3674965	-8.928032
-40.13364	18.17044
-10.8563595	-32.267315
23.397331	23.048597
16.56744	21.779041
-5.0883145	28.001463
17.711876	51.5322
49.592377	-6.7540603
-22.495085	37.21746
10.673127	57.19874
17.550114	20.67232
-23.170628	-23.018534
-21.985754	-41.653683
15.267444	-14.574799
-2.4566958	-39.820065
-27.793678	-3.1461167
9.796573	40.45938
-8.567476	-6.06426
3.0350013	41.6024
18.28048	51.54789
-19.575556	41.126823
4.980489	-34.637173
2.6042223	48.01282
28.785809	22.864323
-0.9218562	-15.609954
-27.611282	-15.616572
-33.76859	15.41574
-15.845885	-25.262775
-28.563103	-4.5797195
13.856382	57.022667
1.1318301	-50.70469
24.220888	22.681175
-10.764869	-8.357781
-26.217812	30.906904
7.2693167	-19.816938
1.7609261	-21.870464
-23.24685	-14.95325
-0.59258133	-15.354991
8.388597	-41.253178
23.654629	-9.085164
-12.0821495	-20.713034
-19.554853	-1.8440896
20.065292	-6.3674603
16.529282	0.36593845
-2.6849675	50.86724
22.34919	-14.994185
-7.272778	-1.6222831
5.2419877	58.92093
17.038803	21.115995
-9.53766	-9.372749
0.36804557	1.3054132
18.28772	-36.96677
15.154739	-41.335545
21.88529	-7.7044945
18.179125	20.949362
-22.408895	33.29236
-9.824477	-42.40569
-27.829334	2.355084
-11.554291	-0.8030064
-20.288721	-31.488295
-19.51603	-30.94384
-4.3659325	-44.50805
-26.478403	27.574488
-23.035473	36.119564
-21.721775	28.110542
-21.14661	38.730625
20.502687	-10.708149
28.999075	25.87024
27.842916	-11.412236
-5.7566304	-10.70503
6.3817353	-45.064335
25.20995	-9.261405
32.58038	21.88444
-25.215487	-35.193687
14.968559	27.098305
-16.129189	-26.88609
-19.869864	-15.233431
-23.834435	-26.267204
17.149317	46.149296
14.2114525	28.706135
9.498722	60.60681
30.632893	26.649246
19.009588	13.590198
-9.279777	-2.4493654
-50.402718	17.627369
-25.294876	-21.147356
0.25145605	40.884808
-11.0229435	-30.456343
-7.669942	-10.365183
9.510765	54.05352
17.08206	-8.577974
8.142919	2.853166
31.930206	23.00649
-11.909546	-29.477829
5.5432386	-21.300722
-16.126793	30.850676
-17.212257	-27.493645
3.2529907	38.46304
-48.96282	17.40466
30.448246	19.792803
-31.587263	5.0343533
-1.9997311	-36.49567
-19.448692	-22.360456
-48.57407	17.810772
-38.04308	4.591092
-11.702358	-14.181339
15.634791	-8.550434
16.497986	-44.84724
-21.614939	-31.348846
10.910744	51.405975
-52.84174	8.464724
24.035633	-8.773043
-14.2849045	-24.319519
-2.427867	-0.96050906
-27.855366	27.572176
30.742128	20.46569
-18.800673	36.744186
-48.369198	15.739907
-6.6140437	-24.140074
53.71759	-1.4387563
-2.572009	-19.384233
-14.498398	-27.597998
4.606638	-52.023968
-49.154037	3.8759925
-28.809158	-3.16803
-13.752974	-33.353745
-20.299162	2.4929593
-28.026302	-37.158417
10.008404	34.59477
-8.868391	-13.222556
-3.227006	51.774483
-15.632797	-29.916632
7.7551985	-45.520702
5.053719	-51.78673
14.2435465	-6.146892
23.652035	-1.3822553
-15.262341	-27.76374
17.829006	-9.613456
4.41652	43.217247
2.0061631	-20.376966
47.383266	-6.439808
14.752702	-21.811216
-1.7777371	-42.52881
7.6516733	-9.5599375
-45.629997	14.433775
22.83279	18.50688
15.307258	20.626453
9.493091	-51.6004
-39.08597	18.187315
2.5818074	46.39627
-39.06956	16.319183
-11.203583	-23.77949
20.496752	31.179943
-0.59053785	34.801373
15.527761	-8.134427
0.6586817	43.370037
-13.202273	-20.279678
-19.638544	-33.119698
-12.650906	-14.542479
23.778826	35.08048
-53.359566	9.033985
8.343364	57.063858
4.875297	36.941433
-11.419682	-5.527341
20.06473	21.016445
8.905564	-23.334917
-0.70139575	-40.174183
-4.881893	27.778465
27.610065	26.341412
-13.136109	-20.351587
16.80454	29.915424
-18.17707	-27.295784
3.0105321	39.94953
50.788372	-6.060296
17.110384	-8.020967
-22.418085	30.187864
-4.029454	-11.539789
-33.01605	12.549752
63.766132	0.19515134
16.84267	53.2768
-3.0303116	-48.223057
53.669132	-2.6559815
-10.554006	-9.335136
17.364265	-15.306377
1.68935	-47.811363
62.764957	0.05891197
-16.622437	31.57588
-10.1193905	-15.309511
-21.508152	40.30281
-24.403067	-15.839147
-19.145418	41.09673
-17.023186	-9.695341
-19.546062	27.896603
-9.495729	-36.426544
-24.158451	36.89674
-26.861477	-31.679388
4.407175	55.730186
-19.692179	-26.373455
-18.156776	-29.01431
-6.0375648	-39.726482
-46.90453	7.053227
-39.921947	6.986129
-21.877687	33.887333
28.528118	29.114279
-4.155976	-17.293669
-6.3833027	-0.3183871
-7.079729	-41.48955
-10.940679	-32.98256
0.17457977	49.2618
1.3298547	-46.563828
-17.216011	34.771385
29.593113	22.286882
-1.7872646	-15.10755
-11.434848	-4.4982543
-24.266415	28.056892
4.87892	40.624958
-19.871876	-37.579906
-26.820261	31.531105
-10.915657	-21.510853
53.98758	0.49081013
-12.081154	-22.239044
-51.73088	12.970977
-20.938992	-18.589088
-23.898876	-22.376438
-43.557484	20.46828
-47.240524	10.765474
11.474347	44.474346
0.12855609	-42.964584
-20.119083	35.18441
-2.7990294	-46.99034
17.75555	-6.9446464
-22.637424	28.38679
7.8913364	49.974045
13.109288	47.432297
13.544502	43.704926
25.202461	22.902842
-24.780357	-34.79257
30.70973	23.882858
-52.232494	16.409447
4.586638	48.685925
-23.486898	35.49781
-17.94178	35.369804
24.347132	25.900108
17.864592	53.79199
-45.697895	15.90313
-10.140779	-43.97
16.4691	-45.053326
27.683226	15.356081
66.01866	-3.503642
26.909632	16.701277
-18.992826	-18.663631
-25.792686	-21.761778
20.239878	30.231243
-13.470313	-35.05859
12.572472	32.901203
28.192715	27.920456
10.723949	-10.316264
-4.6112676	-30.186026
2.2558205	39.58269
-7.262858	-30.529667
-50.043747	4.363415
-19.76061	-29.062714
-53.571194	16.147194
-21.75657	-9.453927
3.9244945	-4.659279
-0.7147628	0.3993799
-32.24743	23.34297
4.0942163	-4.4688964
8.03046	-15.260986
-27.133114	-21.75532
-30.887829	13.55427
8.625001	1.1536512
30.205477	23.158472
60.76345	-2.3731084
7.2578826	56.89548
5.936979	48.166515
-11.868547	-36.864212
8.503241	-49.292587
7.1840463	-51.56117
19.03191	42.93081
-30.241707	5.5783315
-21.852356	-27.46607
49.98783	-6.369426
28.031183	29.280483
7.3053765	54.049465
9.066686	46.04172
-0.35910544	34.679317
8.637814	-48.822426
-9.403681	-32.850506
34.558163	18.044495
10.9129505	-18.01742
8.592073	49.468174
0.87406427	-35.195107
-50.890835	13.24964
-33.265625	12.130563
62.22607	-1.0175642
26.564466	22.732513
-17.805035	-14.645681
-23.713188	37.962566
-50.96697	15.411981
24.949306	17.849
-31.452253	1.2732699
-40.474533	13.050092
61.594303	-4.9434104
17.826372	48.88469
-20.72483	1.6465722
17.786753	46.251408
-46.840927	14.754795
15.269231	-14.171057
21.944866	25.714067
-22.34289	2.2386675
-0.12179954	47.734177
-21.664719	41.74143
-19.028881	-16.805021
-19.192923	37.753475
-1.7712922	-36.59003
-49.846092	10.649381
52.327957	-6.6722755
-23.414616	30.924646
-8.034089	-20.070717
63.2019	-3.7927716
6.499365	-44.381622
-17.074022	37.741047
-3.8866136	-20.907797
-20.148117	36.31042
-7.6513658	-2.6890922
-20.502775	-8.267455
-38.30761	7.0579095
-2.583393	50.858074
7.281196	-15.914973
-18.090916	-15.637867
-23.084827	41.04122
4.9232535	-14.205021
6.413734	-9.339172
-15.901187	-24.669054
6.837926	57.816742
30.550402	22.501436
-24.689762	-28.104563
-28.082476	-38.961018
24.984903	16.077703
-26.67594	0.626168
-18.245821	-19.6273
60.687702	0.5410956
9.624166	56.432793
-9.670005	-17.834908
63.428875	-5.9345837
15.586536	53.903656
64.204865	-2.2229302
-36.41338	8.672464
29.242126	-10.758557
28.998093	-12.868641
-24.150288	-18.414364
-22.168987	28.205389
-29.113514	5.671546
15.668656	51.733414
8.64134	-0.58802736
23.304598	-15.545113
-21.070166	32.450726
26.551868	-16.213467
-19.336754	-28.227964
6.7526217	-14.436498
-8.43243	-6.5009346
4.2684016	44.76422
-24.15636	-16.816399
7.302444	50.945545
-40.04066	13.22102
-44.577766	12.297288
63.23079	-0.20646459
7.3354335	-15.418117
-22.128914	-16.983587
9.275637	56.126804
54.59371	-3.3092463
-25.722574	-26.959156
51.855923	0.056666885
6.208786	46.477074
-21.6238	31.997305
15.409578	28.052723
-6.322409	-33.665638
-43.800056	18.946112
-15.185831	-13.187941
7.7753286	53.004017
25.453289	27.814924
17.893646	19.640196
-2.5262694	-13.613354
10.681405	-5.919967
23.98903	-17.58465
-40.58388	13.109973
-23.01359	39.167908
-5.646237	-8.172498
26.47854	21.589676
6.647913	53.83175
8.404192	-13.280634
-7.9330425	-43.02115
3.6461797	53.780632
-46.586613	16.241219
-15.264441	35.43598
12.606483	31.520102
11.017801	-2.9709191
13.319816	33.167824
8.197895	48.2567
2.7194433	54.37371
-0.6268859	41.11012
-34.50072	10.45113
-13.883989	-18.738857
6.496352	-13.5537815
-20.306742	-14.362386
-23.511375	-24.437492
-11.762103	-20.6958
11.028706	49.697445
11.647478	-43.859535
-47.61487	8.457587
3.5017164	-14.591517
-23.50641	25.870878
-39.659386	7.446941
3.5623012	51.302036
-28.029903	27.43236
-3.4897788	-38.47611
13.694751	32.922905
-8.714319	-4.8892994
0.37174883	39.34929
13.144062	-43.46701
-4.5437856	-21.856436
56.04762	3.041024
-49.830276	8.984275
-49.499386	18.231321
-20.970284	-22.132336
-7.817732	-34.183205
1.0789661	49.090233
-31.328348	12.341841
-22.925789	40.874004
-17.163317	-17.804306
1.5012418	-42.760796
-49.803215	6.53575
-20.15066	-28.99575
19.19748	50.735184
-13.299503	-18.637001
11.415072	47.419727
-48.61026	10.27669
-4.681145	-36.525562
18.912506	43.01604
1.8158785	-0.13193429
50.5839	-6.1027894
-1.6013923	-2.8211703
6.150969	-9.3441305
17.397934	-17.29917
11.239603	-17.369194
-9.029759	-18.816488
12.642614	51.617947
0.7259064	-12.257924
-3.174804	51.713722
-20.118774	-19.709658
-49.007385	14.156596
62.677177	-4.1617455
-21.732603	-26.747467
-48.956715	9.0745535
4.744866	-46.8773
-22.904324	31.962124
14.887413	48.613415
1.3161515	-49.00215
-0.98975927	-44.45127
-19.559877	-13.480965
-27.673456	28.89623
29.037693	24.273842
-21.071943	-28.004843
64.37528	-4.4233904
-6.178357	-15.109945
19.205626	-22.799423
2.8003173	53.823704
14.865015	38.00981
12.503772	-1.879347
2.7419224	38.65238
-21.4347	-24.828123
23.716967	20.133028
14.740746	54.474007
8.576655	-9.528697
-47.093357	8.106703
-30.155901	1.2686739
-1.9874228	-5.535668
-50.316727	5.5856705
5.294458	51.65277
-37.74598	3.7259586
53.256527	1.1027688
5.004784	-41.976566
-0.7297541	-6.4347825
18.257818	-4.7764497
-49.979374	4.92705
-22.748743	35.12961
-46.44153	17.329754
-13.444066	-15.926738
0.018773943	-47.392673
15.814415	47.027523
21.472923	16.480976
-23.956314	39.5909
31.867321	27.11206
3.7906525	-44.712437
-2.62726	41.388847
7.8619504	52.75
28.201231	16.505775
-14.614353	-26.347565
24.895258	-7.18842
1.6606731	-39.870926
3.4055417	48.90248
65.130844	-5.3895407
59.58042	-3.5827296
-17.386763	-19.418547
52.335445	-7.673437
2.214295	-10.342927
-5.967674	-12.424594
6.1815042	-46.861725
10.153264	-10.940887
-22.12411	41.851147
-27.430355	-24.55992
1.8971136	-43.89655
17.850975	16.500362
-21.553684	39.04544
-9.664035	-23.10138
-14.792444	-22.800905
58.35931	1.4580139
-4.8238635	-23.73553
-27.548397	28.674246
63.440224	-2.2056615
-48.945023	14.146683
4.2056684	-16.174356
11.168992	46.07119
7.5174756	-11.70733
3.2885978	-11.652521
5.370115	-13.743073
-21.678003	-18.981022
1.5493386	-46.818417
-49.324806	12.530789
16.373379	50.172703
-44.13418	14.639111
-7.4512224	-2.8781006
57.179363	0.92587113
-15.857312	34.886696
15.919811	55.736042
18.795134	-16.242516
20.309631	-19.747784
-25.480043	-29.141665
2.839294	-40.50646
19.027197	-10.641562
3.657322	48.906895
6.3093944	50.759552
-1.6985965	-3.6904984
-38.68037	5.037467
-2.8299837	-3.8031826
9.680655	57.397236
8.853525	55.35833
10.473309	-14.592465
-25.750263	29.797678
18.475166	22.576807
9.277336	42.809593
10.198872	53.37634
-46.96234	14.051577
62.739365	-4.6346207
-35.99591	11.083763
-21.45318	37.263443
24.619648	21.031082
18.025545	-4.0839486
18.304558	48.252434
-34.79364	7.963152
-27.970055	-3.32759
10.715822	48.09375
18.165466	48.256695
24.806385	19.719418
-45.987324	16.481216
13.465649	52.660286
-6.182974	-20.082996
-13.592002	-22.946598
25.032074	18.779676
30.701727	18.919052
-16.410313	-22.472683
-0.5518568	-44.41968
19.72556	-3.6448848
-52.126076	10.78853
3.3758407	-40.779205
2.6130574	55.432884
-21.349031	39.054173
10.121691	58.633644
1.2202524	-9.782299
-16.257378	-15.337303
2.304569	53.029827
-0.88706136	33.55529
-40.021862	9.346818
-15.5572605	-12.871546
17.724667	53.474148
-6.476379	-33.453945
0.7608573	44.284393
13.887033	1.5733414
-5.9903	-0.020364938
-25.981659	-25.738987
3.9389508	-45.9497
-48.385067	6.0987325
-25.869558	-33.927666
-44.94829	8.26978
-26.968504	-31.629381
-14.842998	-14.219101
10.572021	51.536724
24.992924	-14.675649
12.508818	44.900043
64.716805	-1.6295452
-45.934868	6.517008
18.369375	8.705648
-45.887882	12.0623665
3.637133	47.507397
-31.932878	23.50423
10.819485	-46.231834
20.761765	-17.842493
-15.396339	35.222656
-21.737146	-27.828669
-23.74038	37.39857
-16.569563	-22.539072
28.390512	19.284203
27.381454	22.567945
2.99013	52.844654
61.908863	-5.131976
-10.58821	-8.189085
8.218056	45.81675
-26.883244	26.875034
-20.569115	36.769157
-49.687637	10.596902
0.9298938	-44.70993
21.116247	17.76893
-39.851337	9.571538
4.7452574	-3.8633564
-48.598503	11.731895
-41.509514	16.727877
6.421799	-46.63942
13.401476	32.043198
-17.979305	-24.866419
-41.227833	4.4154844
-44.777275	17.840618
7.3592896	55.57609
-23.454807	-15.576238
-17.38638	-10.797393
15.280513	-5.366107
-26.35515	26.037039
-0.7002647	-37.55314
-18.851076	32.66978
14.992212	49.714764
14.510011	-5.679909
-51.11024	11.349911
-6.669382	-33.877335
12.891861	-16.91927
56.937313	-2.1009202
-24.035028	-21.519642
-5.408927	-1.3003055
-20.876026	30.863888
4.7636085	-40.95306
-20.75173	-19.770391
-15.248226	36.541885
19.543667	-2.1088445
-48.099564	16.034697
-7.336542	-20.737343
6.6021504	-0.4305921
-37.625523	6.4443526
-24.781466	40.108467
3.5619044	-15.689469
-1.5738709	41.610695
-20.923975	-8.52099
-44.239643	6.610241
8.476154	44.226753
-16.205715	-22.61249
12.923192	44.610764
-49.971752	14.28808
-23.489607	38.920673
-5.313295	26.98762
-44.402893	20.452917
27.316334	23.760548
-42.175175	8.28145
11.774624	-8.572846
19.211243	-11.3530655
1.8200291	37.87063
13.498932	-15.105949
6.7128735	49.182285
-45.828705	11.362598
18.828497	30.731478
-41.08042	6.0168552
11.197585	43.99451
10.196793	-45.365353
24.843021	21.78945
64.277626	-3.6285503
-22.972546	30.126877
57.469204	1.9964312
-42.09024	15.649499
-13.46865	-16.349276
56.716785	-2.7641318
-24.261705	38.505993
0.62619627	-19.177553
4.101289	-8.39641
-24.621796	30.94517
-46.230057	19.582096
-48.27535	15.059051
23.43139	-7.9485183
10.004311	46.79412
18.676996	27.9906
19.43392	-23.146955
58.86934	-5.300291
-47.226086	6.1928563
-51.675133	10.045059
11.572033	-7.7886133
5.5603747	42.42696
-24.705076	-25.144102
56.03088	-3.351569
2.1864097	50.816654
-22.048136	38.084026
-26.527462	-27.862577
6.859966	49.829117
-51.817955	8.204335
19.477	46.7341
-27.631159	-24.264318
-21.102518	35.60978
-43.330444	5.0496464
-25.772606	33.474697
1.9027678	-17.776514
6.1775846	53.193047
-21.712809	-24.523949
12.613949	0.5438287
8.54215	55.32176
-0.57820493	40.106323
-52.700348	11.659385
-43.59791	10.160609
14.917064	-7.796571
2.3859897	50.76567
5.9522705	49.600456
-44.494812	12.253481
-43.12709	5.4220905
5.5627418	48.51272
52.05349	-0.20504956
-46.98442	3.9367218
60.96751	-3.3975842
-20.48824	34.27753
63.03931	-1.5477483
-15.069262	-15.477165
5.869156	42.072678
4.9890814	47.580074
26.81293	17.285107
6.2982802	45.20496
63.798416	-4.573633
-46.922325	13.643557
-34.482716	10.496734
-51.137474	7.353488
-25.912682	-2.9432726
13.778632	45.593727
-35.84489	7.638695
23.460314	18.09662
14.590068	42.051403
47.669437	-6.533355
14.407411	44.66147
14.1412945	47.351547
4.863815	55.393757
-37.025715	4.80278
28.488121	17.341919
-30.696175	3.2289248
-16.213417	-16.620155
-0.43410847	-19.466663
-47.118965	12.05808
8.002343	51.874313
-27.008728	-21.824194
1.8643045	-9.04137
-36.58919	8.818445
10.686761	-16.487892
-46.59687	5.1403065
0.082719326	-34.789993
7.295057	-10.95478
-4.438123	-36.748894
19.95022	-7.88237
15.023549	50.184807
-24.852568	35.903126
-1.4855092	40.29773
61.833725	-3.2620728
-8.324247	-8.464391
-10.854293	-21.30767
9.8365965	48.734154
65.15573	-5.025588
14.039113	31.61842
58.946182	-5.4231315
7.9644117	47.74772
-3.2543318	-7.9792304
-37.550335	0.5516752
9.391073	44.674446
-27.603357	-21.334766
12.728492	-5.913188
21.578663	19.473648
5.32118	-30.523027
9.184563	-31.765518
13.806491	-49.72016
13.774925	-49.679348
5.0494657	-27.411762
3.2560103	6.110384
32.861942	-6.187852
28.244608	32.65145
2.932556	-28.29187
13.545781	-39.967316
8.059998	-36.989178
-16.990147	-0.032638557
4.7814665	-27.19382
-23.09794	-1.7683744
7.9574604	-35.627064
5.2872577	-29.976433
6.413065	-50.8268
31.627619	-5.988804
32.250717	-5.3199778
-21.722202	-2.1583288
2.7859697	-29.586393
12.74348	-29.488327
28.84891	31.997665
10.044806	-30.257675
8.310772	-32.68949
29.41954	-15.6195755
5.9347396	-29.849455
-16.379862	-38.198498
29.195425	30.821842
18.720894	-39.32025
27.65638	-3.691122
-14.666676	-36.70544
4.8715854	-28.229696
8.617548	-36.813572
-15.725265	-38.906963
0.9176811	-30.866709
-11.3260975	-26.268114
-10.318414	29.22618
4.5130253	58.319363
11.934977	-33.641228
-17.206184	-35.737633
28.205055	31.922375
51.346287	-3.497753
26.010332	-8.286096
-54.87268	17.876387
29.249882	-6.591842
0.88512814	-30.820965
-12.123462	-35.899033
-16.098537	-39.52368
5.720307	-4.97736
7.839974	-33.220783
6.7496705	-20.22796
9.609261	-35.150234
-20.52976	-4.123208
-14.566293	-41.099014
-34.867916	15.427014
9.747121	-36.394234
14.229971	-33.44884
26.552937	-7.6312017
-8.759404	-0.640954
21.383577	-4.4833894
-11.626136	-37.54083
-1.3584409	5.42758
-16.94117	-33.08012
51.14284	-3.7313828
-11.913688	-3.0410733
5.539486	-19.611015
32.121502	29.94321
10.39371	-36.81458
2.3996837	-30.368526
8.03259	-35.62154
24.88498	29.968987
-24.2334	-38.2453
30.646364	28.53552
3.649049	-27.411963
3.5261312	-21.255789
27.124468	-6.7910566
30.12409	28.932823
-12.744841	-4.124954
19.109121	-13.967947
-21.663208	-2.7258985
-22.471031	-33.301987
21.83128	-11.996164
-18.87882	-37.794884
21.669088	17.510063
13.163128	-29.60513
30.30687	26.14602
31.211853	30.244764
15.619692	-19.669424
13.482245	-24.488552
32.06394	-6.5722136
-11.174773	-38.023216
-21.730051	-1.3230699
25.222929	29.686462
-25.068527	-38.363857
-18.740791	-37.787437
3.4928224	-21.965107
29.363789	28.82197
-15.615087	36.430588
-16.797497	-40.226097
-37.351646	17.38836
8.178632	38.295975
2.4514744	-26.17795
29.274796	-11.855586
11.966194	-21.943491
26.464338	-4.5980144
-14.200381	32.0776
-34.793415	14.412322
6.5421042	59.474087
-35.06805	15.83109
2.3388035	-30.455551
29.35083	-15.285771
-3.2041237	-42.476395
16.030287	-19.16114
13.123282	-18.625738
21.036955	29.64646
34.435432	18.260138
16.26578	-23.04304
4.698607	-25.971148
-17.48024	-42.037445
-0.65643436	4.6068416
12.234878	-34.23219
-20.274023	-2.2011976
14.014428	-27.750614
-12.33517	-32.66047
-27.906055	0.8910918
15.644049	20.759468
-28.992493	26.547888
5.352405	-50.04718
-27.88539	-0.63261515
6.6253796	-28.671705
26.571123	-6.154046
9.357645	-42.864838
-16.066856	-34.821583
-20.564793	-42.381264
-27.444971	-3.034245
29.535957	-3.5188518
12.884609	5.7389007
21.47233	-12.811522
11.751363	-24.0194
7.4938517	-50.0663
-18.955671	-33.810246
21.427753	25.91426
-29.851957	29.671635
28.906221	30.140522
0.23580973	1.6963624
30.751614	30.247519
-17.013016	-26.28363
-1.9807255	37.772285
24.642607	-21.954021
-16.506023	-27.46764
10.208191	-20.97305
11.094182	-37.37922
-55.791264	13.072058
2.5372791	-23.709135
-17.216043	-34.79556
16.808397	-41.21668
3.6365888	4.8034453
-29.730724	29.558784
-22.130919	-40.932217
15.616081	-19.537144
9.19888	-40.3378
-11.455727	-3.853753
-54.14198	7.4649124
27.918741	-7.182634
29.12359	29.398819
7.2698116	58.329533
28.410208	-5.263612
21.35654	-12.978175
25.480213	27.928318
-18.536146	40.476578
-27.88275	2.3487682
-1.086606	-28.309418
4.441421	44.25027
-53.49705	8.398047
9.194879	-18.777035
21.809336	-14.198694
13.63941	-23.146345
9.513455	60.534164
-52.263653	13.930256
29.083632	28.228035
14.384791	-33.141155
7.0948033	-51.855682
10.901661	-18.211908
28.12221	-10.168145
23.988401	-9.400986
22.226902	-13.992517
14.2444935	-18.962206
18.694723	-13.78075
-13.051428	-31.709223
-32.60158	11.302688
-7.802364	-24.20526
17.35231	-13.061692
-26.460354	28.55606
-23.052778	-14.367561
-19.373074	34.4576
63.92946	2.1509414
32.471336	20.772488
-17.840836	38.272415
-6.133911	-3.8732207
34.27206	24.551962
-21.301996	-15.483488
29.844837	25.10599
20.037466	-10.175029
-24.748407	-5.8407125
11.26189	-48.024906
5.3625956	54.209396
-23.425846	-37.3949
-4.819956	-44.942932
55.780537	0.94908744
14.649353	-21.537863
-9.655194	-3.4726567
-51.956722	13.667364
-14.154265	-36.413986
-48.589237	17.571253
33.22715	20.786205
31.200357	25.645468
23.219227	-4.960802
-12.174858	-26.15791
6.494209	-18.960466
-19.131237	38.778244
17.66637	-13.117684
12.766639	-42.935436
62.803936	1.4443719
33.048824	23.556646
-3.1508048	-43.805443
-0.70857316	46.355385
2.8572674	41.69459
-2.8505793	-42.0806
33.177795	22.930359
-16.23796	-31.253351
17.514313	-14.879076
-17.502121	38.7152
-54.224773	18.819191
3.5380297	-21.632658
-17.859432	33.853214
30.700296	-5.2826552
53.19025	1.6712544
-3.7548845	-13.380745
-21.966398	-36.819862
-1.5038931	-28.340387
7.157334	-43.32583
-9.015822	-2.623417
49.30838	-6.889793
27.713339	28.80187
3.8123262	54.85686
11.347962	-44.20419
-53.94666	14.665105
-9.345888	-16.415855
-20.473938	39.13249
-54.20773	14.617835
-0.50261956	-1.3190447
-14.070631	-30.586561
1.7773832	55.795406
-16.688753	30.125174
-0.68556184	0.49560067
-22.695667	27.552942
-19.286177	28.018572
9.018474	-15.865999
-1.3759606	4.3448753
22.679255	-4.825711
19.766497	-9.659402
18.740255	-1.603059
-10.486447	-32.998985
-45.981472	8.662424
-31.922699	11.718919
-5.5417175	-5.8805413
2.9794457	-44.383507
-32.954914	13.562435
-13.5400715	-34.59327
3.7760444	-20.261248
9.095291	-44.78602
2.9763536	40.551277
32.05732	23.484634
27.141115	-12.952522
-11.835444	-26.130562
-18.540014	-31.32947
6.0122876	37.290165
-10.313098	-35.56862
27.977451	24.0979
-2.177473	-10.992917
-21.919607	-36.971924
9.754119	-42.39064
-16.870186	-8.809523
-29.335634	1.1145217
-25.244553	-36.225147
55.297756	-1.538052
26.173103	24.894148
-3.685931	-20.301065
19.224133	51.87053
-20.319126	40.49121
-7.2019305	-22.921303
11.770085	-20.160688
-27.52023	-1.2945471
-54.12199	14.115548
32.09658	28.665388
61.322796	1.1087583
-24.419159	-18.655432
28.700146	15.617713
-2.3075142	43.615696
3.1575809	-37.53019
-19.202484	-21.990026
24.55864	-11.623141
-20.499588	31.107021
-15.6323	-19.65233
26.028074	25.270927
18.468658	-37.874477
60.720367	-0.9448931
-50.989162	17.222616
-5.9166183	-17.85671
-10.163336	-17.208904
16.58993	-46.739975
14.114808	-18.436005
5.813057	-16.494873
17.312056	-0.46366888
1.6243025	-42.572807
22.468637	1.6110902
16.199823	26.789352
-10.083699	-36.517715
-23.201693	-37.321133
-33.04445	10.439496
2.0914276	46.89477
54.390266	-1.0921122
-2.8867555	-15.354441
56.046875	1.110194
23.022738	-13.571108
10.273786	-46.07894
3.5405838	-48.441807
1.1032779	-51.99687
-38.420864	20.557993
21.52747	-3.1963382
64.17154	0.8385804
-35.470592	13.274685
-47.821415	13.08521
52.611214	-1.6315998
-3.0085347	40.79784
6.956629	42.857674
-14.85341	-25.83584
13.934614	-14.788044
13.64289	-19.21976
-35.44717	15.058858
25.132105	-14.874144
-4.0298553	-24.35163
-15.679734	-32.609924
-8.480515	-29.382986
16.507977	-45.890335
4.6613092	37.151653
28.22767	22.101658
-19.68588	39.142925
25.376884	19.519442
63.573074	-0.6366655
22.923481	-16.454767
-2.4150226	-20.30313
-4.489532	-14.829007
7.835992	-21.123314
26.390436	20.829086
-10.116214	-36.750103
-9.232512	-27.551723
15.435459	-16.243162
19.965899	-14.337048
22.778923	21.94728
-29.75376	1.3321218
-17.586788	-15.611248
-5.5363216	29.528753
-50.983658	9.510163
-14.494828	-19.25027
-45.268597	14.015026
-0.39721605	-45.907795
24.467058	-15.494425
-27.508728	30.362831
-52.278023	17.420336
26.81505	21.802816
-53.630962	14.377613
-35.965225	4.856575
-51.58235	17.660786
62.226665	0.16256568
2.670117	-37.724392
13.96661	51.140057
29.028103	-13.167983
-25.027046	-34.614174
9.125247	-44.07899
25.084442	25.081806
-2.1196918	-1.6392878
-52.85269	10.364009
17.102455	46.232986
13.577374	-24.291117
9.121578	-20.405973
13.673428	-13.77156
-52.917164	13.3431015
-12.33529	-25.672527
-1.111286	35.38651
14.063557	-17.086052
-1.8251184	43.261833
31.272951	26.824043
-1.3517547	-32.881588
-17.011854	-29.712942
5.1319265	-3.5010219
61.574165	-1.4206328
5.486534	-47.824688
22.811691	-4.4715867
3.226191	-43.148357
17.0574	29.62875
8.411961	-0.48199168
13.799392	30.236456
-52.23919	14.820717
-23.195955	26.211277
64.21118	-0.49643546
31.638573	16.351545
-36.11206	3.7642303
-21.485632	41.129227
0.1607492	-40.39578
-12.123654	-23.089508
25.877289	16.451975
-30.865852	14.247031
-41.918037	17.536842
-6.187439	-14.811286
23.508808	-4.2981486
28.27179	25.34552
-16.520851	-27.979044
-28.828106	-22.064184
8.654216	46.321053
-24.626993	-26.168436
9.606403	-50.64499
28.178486	-6.054999
4.6491	45.319035
-38.076294	5.152811
47.466953	-5.825683
-23.459558	37.438633
11.706957	-43.25325
3.3653727	-48.024815
16.98889	-0.40901572
-12.773945	-27.641642
17.333612	-14.980768
17.632252	-4.2217484
34.90617	17.453136
11.886859	-23.942917
-5.595086	-22.864182
4.7568917	-20.924679
27.109383	17.699303
3.8592072	-17.469778
-1.5753633	-1.984039
1.9930296	46.153393
24.443726	28.22879
17.894354	-23.0581
19.837492	-10.106481
29.365261	16.739914
-2.6388574	-19.408802
16.373371	27.468618
4.0945086	-43.760372
28.24384	27.12237
27.080036	20.825544
7.387508	-18.353079
19.674717	-14.34809
-30.922293	5.5453587
-26.65483	-19.711744
-52.89365	16.355394
-6.884786	-14.271488
9.479412	-47.886917
18.252466	31.539766
-25.567104	28.107347
-12.047394	-29.082472
-17.90927	37.37669
20.022247	22.376883
-6.292123	-22.38671
-52.419815	8.834154
13.726286	-11.2982645
-3.4398127	-2.0984538
14.039816	53.097397
27.507843	24.715427
0.7513552	43.652603
7.5014753	-45.800724
12.528887	54.20921
-20.843225	-32.753246
3.1752765	-20.492182
4.0065036	57.43833
-3.3539104	-15.595225
-1.8092028	50.136826
61.22391	-0.6122902
-40.787292	12.348281
4.2892284	40.69609
-2.8446093	-23.480507
-22.497377	2.2702284
-3.5421722	-24.806952
-4.9712176	-13.911668
13.211994	56.4081
-41.29062	18.383333
-25.392492	-37.14082
33.304955	22.402443
15.714773	55.67077
18.96167	50.460358
-8.925857	-3.8506942
-33.886684	6.8113675
6.554793	-42.153435
63.76783	-1.3552909
-4.4064083	-3.0589108
24.041843	-17.654652
24.19199	16.155817
-11.848744	-39.563644
-4.430707	-31.683989
-0.9702728	-34.56796
-1.4788516	-15.75984
16.248606	47.898228
14.795692	-6.436736
-9.204911	-12.988423
9.503119	-8.679222
-11.792161	-12.110091
-7.8731127	-18.523981
-3.381896	-12.59762
-4.782572	-3.5350115
24.941372	-12.457551
22.911188	21.864168
9.232826	42.868053
6.986741	42.67225
4.8996153	-45.12347
5.657829	52.48342
31.293026	15.625872
62.546604	0.63265544
55.533466	-0.92845726
-19.601936	36.591095
18.687553	13.300626
-24.578457	32.296497
-10.713923	-5.767401
-1.1598889	-33.385773
-26.533276	-38.937103
-14.06864	-33.29391
5.442848	-11.807903
4.5803814	-45.270172
9.791346	57.75615
0.120394915	-19.551989
14.905146	-18.11187
-9.255858	-16.226702
-8.609388	-2.793968
9.993978	-47.28054
19.2607	-14.986352
24.966246	15.673186
-18.291077	4.233402
-15.537267	-20.386322
-23.847612	27.80674
-10.109344	-43.31383
8.715736	51.424683
-26.899504	-20.84426
26.93951	-14.846558
9.425623	-20.288929
21.31347	-18.188454
1.4159902	-12.339825
65.20973	-0.5250059
26.930634	18.826944
65.85503	-1.5433943
-22.258848	-10.165252
-52.82141	10.283567
13.66278	-10.288604
18.206236	30.450083
17.34717	-9.351546
23.407387	13.528423
-45.16544	12.708996
4.772547	-40.21389
-37.919575	3.4053066
-4.1676536	-16.902805
-23.15597	-23.53028
11.759784	-7.749868
64.73979	-0.43460047
-18.394152	-29.419634
-4.768826	-26.62477
13.648567	51.579754
-24.962254	-20.230602
-19.898642	-27.189274
-52.19607	8.600332
-21.546946	27.422447
-2.0698376	40.500885
-25.030714	26.405075
-1.9710599	-22.93199
17.648134	-23.079857
4.284261	-12.623417
58.227127	-1.3401566
-11.057691	-17.235956
-31.821634	0.94898707
-5.5432863	-23.884924
-35.15533	10.54178
11.365625	-8.82029
-14.1201725	-19.541964
-44.63686	4.1316085
-3.3363354	-5.6234493
23.229422	-6.139551
9.256815	-43.459007
29.407951	22.08751
62.71759	-1.0952691
-19.77498	-12.497923
-2.0115077	-17.331444
-3.9373055	-46.57004
10.555203	-46.477455
-3.5742764	-40.19622
65.12576	0.29644632
9.910966	40.883904
8.541295	48.44565
-40.9679	7.6398582
-27.299591	-26.015656
11.8171835	53.426636
17.850245	43.80206
10.29295	-4.5536275
10.320261	-46.26181
15.644312	1.481895
2.4317746	-45.686108
-22.362188	-31.565418
-45.521366	15.24761
29.122055	27.434813
-21.437498	-29.029667
19.267147	-5.1146746
2.3341181	41.053814
18.33502	-8.37148
-9.643251	-27.000069
7.809832	-16.267038
-14.501774	-19.449757
66.32475	-1.1765356
29.049984	21.217337
-16.882689	-17.403038
23.16769	-13.126875
7.306121	-11.17283
-19.553455	3.7638087
22.721287	20.6615
30.206564	19.437206
-12.860521	-14.612371
-35.88774	6.544017
8.865316	-46.11407
-11.728553	-12.461263
-18.019897	-27.469362
4.1554384	-14.389015
13.670746	-3.1623802
-43.3438	16.499466
16.688337	-9.297413
-7.5168505	-33.954155
56.57866	-0.62684655
63.670956	-2.2448804
20.499294	14.751889
-5.758117	-24.555948
14.448788	-10.519568
-28.677305	27.643175
-52.782234	11.345361
3.659749	51.709797
21.890516	-8.153672
8.865938	-9.368836
-43.164093	17.37779
3.5042393	50.925587
-25.044207	28.386198
27.242876	22.582798
2.5578294	47.541695
0.396825	-38.88057
-7.870591	-7.359965
5.3434286	-46.26722
-31.306366	23.731976
11.205851	-13.799589
-29.456934	-22.23563
-45.004482	19.353289
-53.419716	7.453379
15.710831	54.16571
2.6413763	-18.27617
9.760124	-12.350284
-4.2722135	-1.5394274
33.035007	21.360357
14.039499	31.809874
13.80507	-7.9339085
-8.596661	-15.981832
61.190544	1.0748353
-38.43553	2.350551
-19.141602	-18.326544
24.994865	20.084368
-9.089416	-26.595642
51.48456	-5.7046413
0.3353296	-41.845707
0.2710101	-37.75405
19.21476	-18.156319
-24.088734	32.358555
14.838643	-10.704979
-51.18771	11.519211
13.511234	-10.867913
25.54316	-15.1416645
4.638309	-40.76207
-22.808651	-30.783333
2.944442	-13.400702
13.761481	54.82177
-16.070404	-19.570316
-47.992157	12.341589
-7.014989	-23.346603
8.662222	-47.310215
-23.485569	-20.849915
-23.444294	35.046665
26.559156	-10.047204
17.426485	29.027454
4.6621594	-43.98849
-20.000109	-8.007157
1.72964	0.68371564
6.166384	56.5637
-8.236876	-13.824977
-1.1678983	-3.6823113
29.258863	17.866314
-25.569044	-2.982136
-47.704575	4.236846
16.353012	49.87641
3.141166	-46.999947
-5.1754155	28.291897
10.51706	48.264507
7.9178	-11.111389
-24.345163	39.556877
33.612617	22.46133
-48.46587	6.8765144
9.702235	53.13428
-42.07932	7.7496967
-5.468511	-35.142506
-21.655664	-24.602898
9.431333	46.66479
-21.163916	36.019302
-33.77805	7.213408
64.12425	-4.411067
3.6678128	37.333595
28.357632	18.484684
3.8957572	42.436832
-15.710864	23.310246
16.933952	-4.867803
-3.5872707	-38.243637
-45.43711	20.415606
65.0591	-3.2795784
-35.775127	6.9681277
9.013826	50.51859
16.162104	-1.2885479
20.424433	-7.710851
-44.499214	12.756827
22.80046	20.140324
-2.5084555	-23.15434
-32.55384	3.71933
4.4502687	-15.522696
30.710825	19.83651
-46.28604	17.308073
63.70211	-1.0423216
1.7999624	-16.098675
-38.531055	6.683859
-3.6542182	-3.3531811
-23.296526	-13.550383
12.103951	45.595634
12.620417	50.221382
-41.00646	17.606848
-46.502647	8.185229
1.4553304	-38.673653
-27.777447	-16.004774
12.658431	-18.978668
-4.202785	35.904217
13.394875	47.455143
-43.39467	9.519586
11.315554	-4.7972264
16.664679	28.088232
-44.415203	18.859062
2.1289997	-44.07404
9.167712	-40.100014
-27.627548	30.281313
20.124796	20.630339
9.677059	-0.9835783
10.745409	-5.1507006
-33.232994	8.142678
-10.415986	-30.338463
1.1396893	0.066281065
30.818647	17.146845
-15.55176	-18.244
14.314206	56.582027
-20.691717	-22.20375
0.036800407	-17.320732
-10.765391	-28.632172
18.726686	27.792383
-4.6457195	-26.13212
19.401423	-17.32547
-50.13767	15.956447
-50.027016	15.38705
-46.827477	19.26941
-2.484541	-35.30011
-31.100197	5.2448
29.200937	18.213663
4.1728215	-11.734401
-13.436256	-15.835878
-49.291134	11.884116
25.871786	17.74663
14.789679	31.864914
3.3697827	-50.17763
-53.321735	7.0417566
65.88781	-2.3017359
-5.9081125	-10.287412
58.661186	-2.7951744
-23.543995	-21.01059
-25.64868	-22.72245
21.071657	-16.319424
-26.532581	2.3156872
-12.712111	-22.46898
1.4370906	-39.848892
-50.03313	6.623903
13.66036	48.54451
66.32804	-2.0623915
14.148614	44.92781
-8.824672	-18.218868
57.360775	2.6206317
18.229073	22.266266
-24.477566	-27.33401
9.603112	45.849144
-41.199768	6.9046783
2.440548	-48.18183
-21.656954	-11.633591
-23.4815	-25.215069
-23.107454	39.897575
13.786778	-16.95402
-23.525229	32.46108
6.5341983	-40.705307
18.371656	-16.615442
61.40916	-0.87563485
-45.71225	5.171219
19.833117	-6.4586153
9.67917	48.832977
-30.640335	2.2531586
-5.532681	-13.114577
4.1683583	-43.034554
-7.6512647	-7.9904227
-42.233334	17.272978
-43.391804	8.73537
10.657089	-16.41373
-14.377909	-17.896782
-22.71618	26.544956
12.415546	53.877907
57.189156	-0.6230753
-18.873463	3.9751964
20.427126	-19.134962
13.443872	45.55711
18.388292	8.749375
-25.663242	-23.8681
18.658108	-16.6623
-48.502987	7.292797
13.506364	50.052578
-32.473446	9.974741
4.0922923	49.456852
26.963978	17.723835
-48.036766	5.989062
2.0561483	-12.576128
-2.8899193	37.56367
28.591663	21.203848
29.219322	20.038029
-20.077164	-16.53003
59.537235	-1.979074
1.5674978	-9.518287
-16.060333	-9.636772
13.400874	51.004944
-37.92123	8.53777
-26.954584	-25.630552
-30.171406	5.0316358
11.74259	-13.769097
21.69766	-16.530426
11.861101	54.95469
-46.224506	15.5486965
22.145575	16.925919
24.857985	-10.810666
-48.028545	12.196419
5.4702973	-43.223442
-9.337861	-20.970894
-19.704077	4.0695205
62.852673	-2.6917982
28.746317	16.629547
1.6857674	-3.5300493
53.717087	-1.9652488
-19.903578	-24.356155
23.542343	16.00466
15.940238	46.75925
19.533106	14.072275
-47.062225	17.383102
-14.306666	-20.872461
12.323576	-3.15551
15.555819	-1.6180979
12.648313	53.06358
18.38696	-24.521856
0.514909	-1.2189587
54.534504	-3.7621012
8.3861885	-14.030407
12.164775	51.892826
-1.0015584	-37.099426
-32.106495	9.51073
22.32442	-16.080791
-17.881575	4.354137
-49.854202	11.308537
63.988274	-5.17381
-25.854698	-23.388746
57.30822	2.5874484
-22.469732	-28.313223
-3.1483417	-3.3892922
-7.0065017	-15.503843
62.52506	-2.7047217
-39.09202	4.432358
-22.161606	39.446365
23.777613	-15.296778
-45.88722	10.195956
-42.847984	13.0872755
3.3409414	50.710255
-44.22471	21.491499
-46.824406	3.1108482
-18.29096	-28.521242
-14.407166	-14.991195
-37.15609	7.7618012
-3.8595862	35.851326
9.241156	-12.44231
-25.220734	2.22431
-5.038361	0.7345633
2.6077557	-42.42431
-30.538198	2.4637597
14.88019	46.9063
13.116784	49.83394
3.7223883	-15.580224
25.837849	16.087185
15.360254	27.59599
-20.738735	38.45458
14.401414	-7.882702
-11.1474085	-17.104366
-19.96073	33.151875
-40.92971	10.260772
5.460273	-15.454743
-3.195064	37.30997
8.009616	-9.718006
-21.5726	36.03036
-19.593126	-15.580104
18.459644	-18.414343
12.416148	-14.165686
28.275274	17.639883
-20.554192	33.922497
26.472553	-16.256573
-8.238362	-42.773262
-37.29221	10.556147
17.964134	48.516304
-1.46331	40.62815
5.9520426	53.02905
-26.812103	-14.064133
-42.228977	7.090957
16.71064	29.655336
-25.028456	-22.340267
-27.376078	26.117628
23.454632	12.669926
-24.019295	-16.570208
-22.582653	41.07138
-44.40298	16.719116
-44.47054	3.666527
60.817783	-4.744817
-48.4676	10.055229
-12.911439	-18.773344
-23.734188	-21.407633
-19.034658	30.91467
14.901663	49.43373
-4.3273654	-23.005774
-5.70182	-22.790886
-45.155735	12.054119
56.368824	-4.5049458
2.388979	-38.04505
-25.967834	-17.933529
9.591096	50.661522
6.16329	-45.9584
20.679482	-17.271727
-23.57177	34.59626
6.927323	-28.46485
-51.693962	8.455488
18.680643	-11.739577
-19.883385	3.2486422
-43.59075	16.820896
20.78242	19.854998
-42.969513	7.4148884
-47.347836	9.484934
18.844313	-5.775587
64.63724	-2.9614995
-40.60684	15.880467
-42.467777	15.630371
10.240921	-6.0890326
1.7590575	40.542744
0.92623675	-43.585896
11.964509	55.23325
59.24978	-2.5076568
-5.0727544	-21.338884
-24.648764	-24.896112
1.1482918	-3.5737388
-18.973988	-26.820593
-24.507196	34.039387
65.69372	-4.0794287
12.23821	-2.7734218
-39.55022	7.5805182
-46.009407	19.350735
18.802332	48.056488
-26.270226	26.803972
15.519533	44.40461
-20.011549	-12.114654
-16.9755	-10.450314
-42.554577	4.5536385
14.63374	48.078682
3.6027346	-12.8798065
-45.91541	4.781156
-47.087082	4.0372086
