-12.739675	-6.9791145
5.9474053	-45.46338
-20.031502	25.834393
-11.4873905	-7.7891407
20.209793	-23.852097
-14.504645	-35.22656
-18.917042	35.401993
15.699533	-20.206032
12.962423	-24.590902
-8.9106655	8.90624
27.212845	-48.17496
23.199259	-29.03438
5.4515753	-13.122776
-39.27479	10.819275
20.736956	-31.655231
-9.396311	19.57394
25.390316	-19.946732
25.540255	-19.838125
-6.3807034	-36.15299
-14.125751	54.650963
-3.782166	35.847614
-22.079622	33.675358
22.044558	-14.336551
-31.142828	8.898256
9.2929125	-10.15988
7.7579246	42.945545
20.945848	-12.721305
5.77166	16.594322
17.79752	34.338802
3.2916806	10.058092
-7.34708	-5.415779
-30.814112	30.200844
23.116096	-21.569723
19.172596	-0.95355314
32.042492	-13.621374
-13.407253	12.992248
31.12489	-33.87573
28.620218	-21.72633
-4.2920346	-40.50667
-6.7186837	-6.577342
18.620214	-36.15441
33.25683	-33.35996
-0.28121725	-22.780542
-5.3120847	-39.892094
22.988005	-26.380371
4.32707	-17.46808
0.27021992	-37.28173
2.731173	-35.661564
6.955853	-1.3988779
-37.480556	19.129639
-24.024536	20.042395
37.500484	-34.485245
21.962534	-47.054417
6.010188	-45.50213
16.743776	-43.978508
3.7897062	-27.728886
1.958022	-12.354852
1.9709862	38.38247
24.400127	2.9952514
20.974022	-36.709965
30.527124	-37.149384
20.756222	-29.100203
26.367111	-20.750957
10.262723	-35.403786
39.791267	-26.3968
24.388374	3.0015163
12.20243	19.420954
11.372184	-12.493606
14.529977	-33.09004
31.606775	-14.46059
12.063314	23.201
-16.874737	-22.703016
-1.5072037	-14.085044
-28.14775	34.973675
12.377363	0.47762182
34.190346	-7.205161
-20.814955	27.94866
-24.284704	27.448648
-0.6384199	47.59178
9.597511	12.091045
13.343946	-7.746672
38.119755	-12.391465
-45.398163	12.737062
14.242729	4.217303
3.7868056	16.918543
-17.483328	-36.054413
3.9821153	12.298239
31.093811	-42.370327
-31.035084	-2.546189
-17.72079	-3.2622228
12.295447	-31.686852
19.5046	-10.437599
32.752506	-31.999458
-22.242598	16.20338
22.325384	-23.184874
30.217943	-16.374847
19.998007	-34.24949
-1.3440576	-7.5529532
17.4162	-16.881645
20.710209	-28.979614
25.190113	-13.482777
-0.48618758	-19.746086
-8.291893	-19.811861
-28.873611	-20.309057
41.05328	-14.401481
33.48856	-21.02916
-1.3143569	-9.080136
-5.2690573	-42.620285
13.626176	-34.282932
-18.54846	32.929573
13.133238	-41.307842
-10.71827	-13.677495
36.35959	-24.911947
17.301832	-42.673897
28.556543	-22.328602
-9.138316	28.347172
-27.022114	7.623534
17.738897	-17.091532
2.4916055	-11.75577
6.3642664	22.921267
-9.205048	-3.9667346
-25.73422	28.221577
19.212917	9.476342
-31.583616	11.885894
32.414772	-18.028086
18.814472	-25.446924
0.8944102	9.127273
30.309502	-36.95357
-3.253595	-45.785503
-17.367716	-11.071763
12.649113	-15.681064
-25.637444	13.217373
-13.932098	22.058287
39.786705	-26.644743
-28.87423	-20.309526
-9.388065	-21.032549
6.5943327	-36.587708
35.60887	-37.522152
-5.3034873	34.0169
4.146992	-43.40242
35.676468	-12.807809
-17.844358	47.81646
-1.4227244	4.103479
11.159589	-21.999437
-0.5600773	6.6337385
-15.773805	20.597206
20.562992	-23.20661
5.2243366	17.828003
25.102211	-21.893244
31.663855	-14.597381
21.568779	-11.963648
21.078117	-21.568993
-14.360584	-29.953802
-1.1454637	4.4792647
-21.656382	-13.294083
12.77169	-34.336227
34.001263	-27.699036
-4.8295574	-12.423079
28.859554	-47.344765
-10.105625	-11.178232
23.590239	-19.16151
2.4558556	-7.485522
37.500057	-22.017038
36.096104	-16.180231
34.94796	-21.69989
9.482744	-36.184746
-17.483767	-36.054108
31.666134	-44.723793
0.76213247	50.481117
-4.2802887	-18.4472
-1.4474365	-33.099403
22.808472	-52.39967
39.315807	-27.4181
19.15706	-33.920776
-15.926188	13.229072
6.964186	-28.060415
4.03815	-29.707691
22.434721	-18.562325
17.252481	22.06411
32.240772	-28.879923
-4.847124	-19.424086
5.218033	-42.314724
-6.645623	45.339664
29.33917	-37.862186
-30.516869	6.9940457
19.349329	-26.07346
3.0044518	-30.57721
25.284042	-18.551384
28.565207	-48.15303
-9.438545	-40.994045
-15.23144	-29.038486
-18.561472	35.733063
-20.744144	3.0512807
28.605062	-21.410908
-1.6663989	48.075214
13.335589	10.234013
-22.252089	33.00469
20.5107	-9.820958
7.058739	-1.3740386
27.472992	-13.319911
5.816875	-10.041041
-39.05367	22.145834
-17.818224	-3.6246989
-21.91388	17.745289
4.5263906	19.59966
-31.157984	11.567195
-15.738344	-16.577278
-12.580988	-25.456938
-9.131529	-15.373344
-26.58798	32.51518
0.1325831	-43.4053
11.797489	10.2338505
-33.652225	11.37952
19.729235	-12.741137
1.1307722	52.1875
-45.78871	12.682974
28.464195	-20.89621
-8.849325	-18.938288
9.569515	16.315872
14.357601	10.288506
-20.41811	-6.7252464
1.0529786	-39.027832
-28.227074	31.24056
-27.74614	39.06349
-15.7744	54.05877
-16.92764	-20.631237
-22.76199	29.548939
37.0842	-40.684578
-0.73395836	-33.920025
-20.597382	53.123276
0.25884548	-33.51402
21.954025	-13.9950485
-4.1158795	-42.20387
16.75872	-24.894135
-3.7102668	44.50924
11.554572	20.842094
6.937131	-15.775996
35.19377	-24.551489
24.755705	-16.024214
1.8524262	-20.834724
13.89989	-21.171131
17.37816	-10.538046
-27.69085	34.67466
14.296613	-14.302361
4.36941	-15.107262
-23.994427	6.727576
5.261698	-38.386986
37.43316	-11.821115
30.862494	-40.341393
-15.692131	4.3865266
32.567173	-10.519147
33.758614	-28.08328
27.202509	-25.213123
9.95579	-9.370354
28.289804	-6.506584
-28.61801	-12.237504
25.308271	-34.518475
5.4537797	-29.2695
10.742683	21.39602
14.021115	-16.817719
-3.1897998	-6.750177
31.529861	-21.321526
-15.37378	11.701728
2.1103504	-38.412212
10.301869	-30.495361
-9.712812	43.321625
35.735226	-33.4057
-0.29984993	-27.888489
-21.65687	-13.290572
-32.040905	32.95436
-4.420824	-17.198
-24.212584	19.328829
-10.263225	40.394966
14.192886	-49.90034
21.25651	-30.32242
-1.4917617	-31.70477
-21.530859	12.6025095
-21.211596	17.905598
-30.596243	19.05061
-19.551893	37.773766
-12.958838	-17.578857
-17.05972	-21.851053
3.6196382	15.241941
-39.50777	14.72385
42.07197	3.1344805
-0.8111581	-30.445122
-5.3514376	-5.625878
37.53492	-22.1819
-4.538458	48.725414
23.194176	-29.275824
-5.877347	-31.937635
8.68886	-34.35634
-3.663295	-21.575872
6.864672	-40.32469
-17.360611	-11.282567
17.79753	34.338383
-11.095723	16.428421
-12.433618	-23.674168
5.1096425	-31.163282
34.179386	-23.354404
-27.90986	18.236961
11.684066	9.813055
-20.4922	-3.0190947
23.307455	-18.87078
5.3551226	-27.582184
-29.04353	36.44713
-24.076468	17.979397
3.914103	43.311447
-2.999404	-30.924477
24.362782	-42.30609
-15.393781	-29.358578
11.790113	17.125998
5.1672606	24.549143
14.173348	-26.554844
20.240713	-40.433517
-12.412067	46.29157
16.687962	-23.349037
5.4957223	16.50545
6.7260327	28.904259
-3.1048696	15.968065
-14.938599	0.5822883
-1.2236943	-13.91474
-25.57855	32.78023
-29.479961	12.961232
6.197411	21.98599
24.180538	-24.552858
35.40941	-24.268034
-3.430231	-13.082063
24.647434	-20.313917
8.415749	2.4366062
-28.387865	1.2787722
14.029819	-16.483744
-10.718621	1.1423724
-18.510416	0.23969431
-25.437658	35.24323
39.729733	-11.627113
-17.884256	15.795665
13.779688	14.989076
19.070196	-13.596703
-16.592411	26.613218
-2.1803443	49.62765
11.612821	-33.55616
0.20271683	-43.520393
-25.584938	-4.665174
19.540537	-4.1191993
0.3115263	12.881126
13.8148155	-29.728622
-20.93383	39.542286
9.460809	-21.220934
-18.059504	-20.30834
19.955214	-26.594706
17.199118	-25.585962
17.270164	-4.585153
-10.084895	-11.129037
19.406574	-23.865826
-3.5387828	-33.4198
-9.122779	-13.867868
15.727326	-2.646307
-9.772156	19.436455
-6.0020404	-10.545626
5.3950744	-31.850033
-18.134485	10.808098
17.663683	16.483
10.660965	-31.353117
11.926147	-20.67765
-9.4364395	-32.766247
28.48285	-10.043125
-3.615086	-15.087487
31.171354	10.097751
-20.892715	39.653408
34.752922	-30.432638
3.7385023	44.683617
-8.98847	-26.08555
14.079133	-37.240845
34.67456	-28.819975
28.948425	-15.068427
-17.139288	34.226887
-25.405058	33.865086
-13.683332	38.40569
-25.58583	31.642614
1.2052387	-16.715277
12.025399	14.639805
3.1044595	-35.905617
-1.6174887	-32.030876
26.936666	-15.2766485
-3.7794085	-9.0365305
8.334213	24.558344
19.500774	-22.81123
-11.867753	-5.722951
22.426003	-38.57012
29.717615	-31.416504
25.500217	-37.710945
-24.172037	-0.7174423
-12.089221	-0.5318616
-28.639137	3.1104145
16.611027	15.996347
10.240453	7.38786
-3.0545838	-6.707821
-10.704518	49.2438
23.615839	-35.312397
-26.757801	19.08944
18.356548	-11.994001
17.346392	-25.626087
-5.6248207	8.36747
5.806435	-7.153835
-10.128968	12.071573
4.3209357	19.94852
12.473051	-34.500656
9.350258	-0.08262946
-28.66475	39.33136
-4.2617974	-37.720673
-26.961681	15.410755
-6.0269074	53.29567
5.5787354	21.0946
0.38618907	37.376495
-31.079857	-3.744786
11.754203	-37.123264
-9.161367	37.95573
-9.435517	56.16171
20.824556	-18.36857
-8.567803	-18.173622
-16.10907	-7.1931915
-6.808	-43.094975
-22.152493	3.2477942
-9.881494	51.762096
-13.330522	-16.072186
14.396676	-38.958977
-13.388929	-15.674847
-26.355238	41.760117
8.375368	15.890381
-25.270578	29.699545
-7.308268	49.141876
17.687365	-36.194447
-42.64033	12.700321
11.619168	-13.834374
11.3134575	-25.875248
19.287756	-50.85478
-2.1102474	45.565647
31.183796	10.0804205
16.381922	-12.919705
-5.049373	-25.254353
36.458157	-14.883643
-0.91727567	8.553347
13.881497	-19.933672
-14.683608	17.422253
26.336937	-34.220448
31.015844	-3.269115
2.7728114	0.47244585
5.1187663	-28.376207
-4.0291657	-22.033327
16.070177	-38.54517
33.115097	-8.516328
-2.5964801	10.078908
4.0134506	-40.15606
-2.7561705	23.547579
22.85213	-6.6398277
23.266888	-6.7788725
12.103099	-29.532202
-8.296136	47.35726
15.045409	14.110289
-2.3350608	29.162512
34.395126	1.8572503
-1.9169288	48.706142
-31.872213	4.477633
-1.9231353	32.350456
20.033749	-37.94752
-25.367924	-2.3975875
-27.250246	8.083028
-6.0289617	-18.715532
-29.904112	18.746862
24.42948	-21.856722
35.77074	-34.32549
20.373415	-25.167744
-28.618023	-12.23799
-3.7141848	44.07835
-23.248247	-4.0263643
-38.928085	22.25593
15.324977	-27.997646
12.097051	24.63918
17.116766	-27.224216
30.560194	-20.858974
5.6815076	29.962135
2.8141773	16.172152
23.42414	-26.68768
7.6597495	11.345736
36.62261	-41.74555
-28.888485	21.808342
18.914454	-46.565693
3.7146611	-27.123928
-21.043941	33.211006
6.2671	-32.57519
-11.479581	9.080287
-44.150658	16.468832
-18.77382	4.9565506
28.329105	-6.6816115
-41.50641	12.727105
7.3763137	-20.878885
0.00053544133	-15.0183
28.541542	-15.0089855
-44.039177	18.209974
-20.344723	29.424517
7.299901	6.5447865
-27.230747	38.972374
26.329285	-37.719624
-23.427206	30.74266
9.228558	-30.494051
-11.099158	32.50965
28.999708	-47.12496
-27.664835	28.467222
44.76897	-24.824757
-16.120298	11.01422
37.261852	-34.555584
18.829264	-27.190847
21.390575	-19.494492
-11.370472	43.889286
-2.938573	46.060265
-32.375854	34.879616
8.427184	17.928354
11.874337	-26.46851
25.40519	-3.5334468
29.733477	-15.051018
17.413301	-27.548874
-23.371897	12.297117
26.12829	0.52020764
-20.989998	27.866028
3.1608362	12.841753
-3.2075908	-32.677628
15.782674	-16.536945
-12.821948	39.697155
-22.313454	6.3357816
25.869974	-27.685022
-36.161022	26.637224
15.062654	-10.229633
-50.897778	16.450518
18.101635	-25.688799
-11.933246	41.27028
28.363615	-41.57647
36.11711	-39.3419
-1.2326941	37.83132
-6.228034	50.63766
-18.934933	-0.9842425
28.261894	-19.305908
-29.294136	30.567379
35.8068	-18.746466
-8.3199005	-12.896598
-26.52037	41.708187
-13.282639	4.1869555
-19.527193	-1.1421974
-13.09864	-3.9316041
12.67891	14.045195
19.451279	-29.035643
15.327211	15.337627
-8.685083	52.11866
-23.088118	11.111813
-21.716835	33.661186
-22.35701	28.304281
-0.19253583	18.290918
-31.069706	3.8985124
-11.507401	48.72886
28.52466	-27.334099
2.8810847	-6.279024
7.7017765	11.985017
-46.335846	20.148771
12.565728	14.60551
17.771631	-10.938524
23.86443	-33.201885
3.3878691	20.406273
8.660508	-16.282837
-3.6852622	6.1233187
6.0658293	23.513859
-15.731835	-21.04265
11.649049	-39.668617
-28.940098	22.372
25.093605	-27.848623
-9.921972	47.73303
-3.026005	-38.125576
-9.485713	47.885223
10.547806	-45.42397
-0.12286747	-8.352008
-6.7098365	6.269278
-15.812349	39.848724
6.7632394	-22.97236
6.114793	-27.141293
29.924337	-35.36936
-13.879744	22.110878
-3.9084365	-1.4008209
1.4301583	13.25071
-45.363483	20.302767
-22.882223	12.914767
-29.585539	11.220794
21.508429	-21.625938
34.94916	-16.38447
39.192883	-8.432243
30.70411	-40.27869
-5.085429	-3.2826905
24.004856	-30.785982
-14.657328	-27.821474
1.9057884	22.543573
-25.44132	9.012698
-23.934103	2.209786
-20.985474	13.799764
27.64719	-42.472958
5.0454726	-31.360058
14.017312	21.325853
7.3349237	-9.198868
-21.314373	-0.13993588
20.265604	-0.9548855
-13.602544	51.52766
-0.85311747	47.18168
-43.790596	19.008533
10.013677	11.933852
15.427227	-10.1227255
-28.586245	33.842236
-9.992245	39.993797
8.91497	15.569221
5.5753655	41.28267
-3.0367908	28.908117
-47.144775	15.469771
-18.826662	4.763032
-6.7542987	-1.8626603
-31.529873	7.060621
-11.111636	47.777836
-7.1529484	-8.510019
0.08605133	11.721113
12.192703	1.1665739
-29.150648	15.724905
-23.672665	31.644934
20.983587	-36.63428
-23.928755	32.62413
19.32376	-39.397964
-13.790104	42.588295
-43.263012	9.823442
-30.264267	27.543354
5.4358435	-21.80401
-41.72415	14.747409
38.807182	-7.0568166
-26.319304	34.507442
13.3871975	-35.814724
-20.719526	31.860111
19.392653	-42.69005
-6.1529593	-36.079494
-5.9616976	51.208557
-10.655165	19.412882
17.653131	-19.626114
14.508216	-17.9072
-27.249142	30.321724
3.4840593	-30.261051
11.007116	-5.767666
-2.2626183	-37.01539
-31.202177	8.704451
13.493787	16.962276
16.12419	-30.244114
34.112904	1.7511098
7.0807314	19.669107
7.8567433	42.924465
37.633617	-41.53734
-45.99431	16.291037
-21.806423	-7.999318
15.033887	-24.769365
-43.97617	16.21345
-17.330923	8.47124
-46.626667	16.48879
1.273689	47.538822
-0.24485491	1.7377478
-1.3261094	-21.964348
41.536854	-12.512695
-23.210724	40.710922
-6.622845	-1.9422389
-12.668661	6.6542253
10.184585	-14.941277
-13.139654	-17.110016
-29.52164	28.651323
3.465499	-11.590992
15.173438	-27.0575
11.81548	-17.656408
-6.712159	5.624374
-18.35743	14.630808
26.420588	-30.10697
-17.529947	12.519126
-4.1405296	43.902435
-5.370856	46.385437
-46.56448	15.853048
0.8576054	-30.624985
32.92236	-23.977753
-23.744204	4.722201
-45.07045	24.793262
27.973486	-27.784449
-38.56788	10.748379
-19.800001	14.323863
-20.884827	35.164257
2.7192106	10.842963
31.749617	-40.175564
-7.059363	53.27948
19.499681	-23.43311
-29.422245	0.15822127
12.817134	20.766443
9.535985	22.028492
7.2617903	-38.248108
3.329998	-18.830046
-13.022503	-18.69534
-8.06626	41.113747
-20.858385	32.583523
18.58873	-42.811115
13.910301	18.380203
-29.194864	0.3258715
-0.97789216	-16.919569
27.74176	-19.498463
-12.158075	9.329414
-8.4400425	50.695644
-21.511406	25.219604
-9.76867	19.482695
6.6397605	-4.679388
-21.106049	-0.439248
-19.306759	8.259389
-20.736963	0.75588095
-28.006414	18.080816
1.774885	46.819027
37.00836	-40.726032
9.129932	-19.7166
32.51696	-23.651577
28.65774	-35.270832
15.611001	-35.14842
-30.99593	-3.0786233
3.0917552	-7.2652736
-10.702483	42.295437
7.032035	-26.169786
-20.572395	41.988495
-13.643438	48.82417
-17.997643	14.954646
-15.023432	36.524166
24.493668	-8.589612
-14.028049	-3.3720934
15.072165	-30.902792
-29.054943	17.795198
33.453438	-8.003531
11.026452	-15.487311
-48.807835	20.798962
-13.559529	44.01295
-7.7749324	48.173508
16.013103	-41.20789
22.536125	-7.741819
-21.789865	4.8813643
-14.942784	13.895284
-20.347582	33.696266
11.768258	-26.014309
15.696223	-4.8650465
-8.140621	39.292545
17.928135	-29.539686
-13.755722	2.165649
8.799741	-27.31517
-15.340732	5.037627
-2.8455305	42.689594
17.842552	5.76917
-24.323967	3.816404
18.480968	-14.568843
17.684286	6.433802
1.4339358	-29.550278
1.9890153	-22.879688
-0.98174137	-19.07873
8.391453	-22.941092
36.11808	-3.51514
-15.0297365	6.234375
1.5988429	-40.39503
-14.618705	17.310194
32.11934	-32.487305
-15.533138	43.237846
-45.385773	14.266735
29.18936	-34.073086
-10.265165	43.694904
28.44086	-18.168673
-25.172415	25.747108
-21.244827	9.265721
35.31031	-19.053692
27.858568	-15.749609
23.669302	-41.049313
-23.549734	40.020622
4.7636294	11.572989
11.737491	-31.222181
-45.4742	15.491711
12.678951	-18.97956
9.110823	-23.614893
-20.85847	-1.2637103
-20.137053	9.460758
12.071683	2.448501
-28.679178	17.668343
-16.226738	-12.795227
6.451161	22.223297
-24.78223	-3.1535559
-17.86386	-18.051218
-3.629004	48.892467
4.053632	36.217335
0.83365905	-20.326544
-1.5202519	42.807602
-27.023752	8.418378
-25.628263	44.99262
-45.22275	22.639568
30.058744	-4.8202577
14.215411	-22.515306
5.52306	-7.5542927
-7.815277	42.78505
-21.981464	31.2229
-7.8224854	52.202805
29.190828	-24.235651
0.665049	-47.153355
-23.737457	2.3323011
12.403084	8.70775
-28.089159	39.229668
11.524863	17.437943
31.816538	-17.197786
-28.374466	18.116186
-28.348019	3.032976
8.748551	13.840993
12.683336	-19.176224
-8.676323	-13.346434
29.135841	-11.104473
-27.960215	10.498939
-45.121567	17.39634
-40.594833	16.339563
29.455223	-33.55395
-45.06284	10.573736
9.257826	-26.60572
-1.3595953	-36.64886
39.066616	-25.187681
-6.714785	-31.713985
-26.978895	29.566772
9.761491	-32.105206
27.859278	-17.174559
7.7520614	8.543295
-25.652155	30.615112
13.736404	-26.057678
29.24214	-25.846615
-43.38471	20.680801
14.520839	-9.380218
-26.36578	36.498856
-48.23822	16.510242
-5.1933403	44.92948
-8.131345	-28.704973
-24.632315	-1.090205
8.89285	-14.03779
7.0570607	-26.041824
-0.09592727	-9.340176
32.775013	-29.143143
30.115694	-4.9175196
-15.281619	44.93778
-18.867895	9.553043
-2.0860639	42.172787
-8.462882	-8.964912
-29.679016	25.83376
-19.641556	33.559605
-21.903599	8.72893
9.155076	-5.6287494
10.307336	-16.117037
23.704557	-41.017715
22.100657	-0.28528753
-0.5174139	-18.553314
-25.528559	13.43293
-22.738218	-3.7206445
2.3159494	-31.963457
-4.6838555	52.166645
6.8713737	-5.8611746
-20.702112	-6.4287343
-23.11211	-2.554356
21.754856	-11.903079
-24.58036	27.501522
14.530719	18.65468
-24.340084	1.4859554
-10.67252	11.953636
-1.8634776	41.3451
-45.89429	17.403103
0.035853524	41.46741
-27.383688	31.872807
10.441656	11.089396
3.20015	-16.821787
-27.196638	0.65781325
-8.048726	34.100212
31.7275	-25.008606
-16.455547	1.3338096
-28.217087	-0.0005682553
6.4000874	18.935234
-12.45879	52.484554
-26.995123	-2.3781257
11.36495	-40.285862
14.949907	-12.319596
11.608793	9.947063
14.562065	15.608594
17.634926	-8.640882
28.327131	-17.857878
33.671562	-9.872096
-7.7690244	54.349945
0.05350271	-44.092228
-26.887575	5.411264
-25.574482	32.28509
-28.304253	12.651054
10.3057375	-27.995018
33.21257	-24.511803
-20.635277	0.1875015
-19.303968	29.847008
-7.4727693	28.762596
19.151335	-30.369349
-31.476206	7.629479
9.433474	-0.013971085
-23.180965	19.38944
-21.064377	25.05077
-9.008695	-30.474525
25.571106	-31.743889
39.244736	-10.669409
-1.01979	40.117756
32.02018	-36.317207
-14.833272	42.555332
44.774338	-24.816586
14.999069	-24.720041
-27.774061	-0.97883683
-9.269571	-15.059443
-24.66223	13.976748
-47.36734	18.17532
-5.077619	44.828762
10.357704	15.247566
-8.522165	48.649662
-27.686693	13.051094
-20.643898	53.037254
32.36395	-13.01617
4.249167	-1.6943513
-32.418495	36.583027
13.853041	-31.359129
-28.68903	33.51664
22.383757	-31.010767
16.338333	17.673336
9.598529	14.351587
-17.839035	12.424922
-44.319378	15.899481
11.786692	-11.2494135
-31.542194	4.3246083
-15.9712	38.31536
-23.876669	32.90036
-5.6647434	41.92222
17.026442	-42.337566
-0.5713607	21.324814
-14.247391	52.48341
2.859911	-28.058125
-8.437836	45.104427
-9.261894	43.853477
22.809166	-52.399456
-3.9298503	8.954792
7.981909	5.0870976
-8.081758	56.086918
-8.441891	40.20188
-29.047941	11.812908
23.29937	-24.363207
1.3547593	-42.38604
-17.892271	-18.01561
-18.260378	37.93067
12.214337	-4.0396485
-25.690065	39.06258
-20.612263	-6.6319065
-0.6757614	-38.52017
-12.967499	46.832584
5.196807	-42.43107
4.3406672	-37.141434
-40.61165	21.30863
32.700027	-31.144445
-8.760447	-6.9315577
-28.449154	29.48611
33.52932	-3.8146358
32.272377	-35.856113
-32.636444	33.1463
-0.48962027	-24.29439
-14.966148	47.292866
9.481302	-17.929613
16.175598	1.207492
-1.0662069	37.717907
-25.235645	36.015152
6.7630258	-29.814093
-28.71538	21.34247
1.3744085	-40.802406
-3.415234	37.760635
-28.023788	1.0952827
32.674347	-28.507309
-16.919336	-1.5811174
-16.555878	44.857845
-21.018063	33.084892
-8.376089	31.61851
-7.921852	41.339718
5.4348893	13.892599
-12.141925	45.352043
7.816085	-22.708189
2.0446568	-15.291061
-22.236305	6.248557
3.0449305	-32.899555
-15.850365	20.57623
-4.0514874	42.247177
-13.050269	11.870181
-6.763537	42.67728
-19.975554	-0.55950046
37.677475	-11.480014
6.0622025	13.378303
-44.194057	18.822771
-29.50077	33.814182
-39.325764	14.708178
-2.3858242	48.589046
37.735867	-5.5918384
-1.655423	23.067924
-26.962093	34.344994
7.614822	-29.918375
-3.4753802	-27.91466
-20.26176	35.927994
-13.57493	43.638775
-12.98487	50.31875
0.90822417	-3.8546329
-16.696823	-1.212419
15.834013	10.283619
43.43296	-8.969207
-47.335537	11.792007
-9.438033	50.78052
0.8792671	51.439198
-15.048842	-18.310385
-15.097124	9.015562
31.681656	-20.206501
-47.53538	14.903109
-24.555523	9.577182
-23.428057	35.93822
22.010952	-44.324837
-17.753101	5.121231
-7.3816533	48.241722
-6.440727	11.234227
42.071503	3.1258996
-23.228455	34.29818
0.077073164	44.54054
-22.136606	45.108307
0.8407638	-31.63393
-25.938301	5.4018846
16.791132	-31.729977
5.3957267	2.0023842
-31.425104	7.4000835
-29.680338	19.33206
-9.530576	50.28122
-16.591879	46.23878
4.541759	-9.453121
-24.524458	10.841072
-20.169016	11.5498495
-13.592459	44.816307
-3.454833	38.953037
-18.491112	1.2260256
-40.301315	18.607157
-3.0186813	37.868374
-48.20211	15.5083685
-24.236055	38.790337
-43.138554	19.914639
19.801617	-20.15924
-32.84981	13.0926695
-23.493301	8.780557
10.172819	13.009064
-18.165625	13.2546835
-42.560093	15.381261
-9.252845	46.580723
0.47320792	42.49427
-4.613362	47.5631
13.13203	-3.3251238
-26.68108	2.6389651
-9.463789	45.43379
7.330702	17.662958
4.713846	8.423861
-42.548542	24.200659
-18.874968	-0.56592464
-21.03716	4.8319054
-19.203812	8.184864
-11.728484	44.352573
14.977924	16.357151
23.665785	-0.33459356
15.899208	-18.414183
7.665928	-20.518341
-2.9691796	54.20179
-24.167635	9.387273
29.440563	-25.391787
-1.2250031	-19.836554
-11.362046	39.121597
2.6065183	-23.721079
-1.3361363	40.254963
37.873844	-5.760632
-1.8267273	-24.987831
8.944285	-42.988846
2.7898283	-6.9776006
-16.941952	3.4532301
-20.65762	31.486168
-24.777737	25.007744
-43.12891	17.89978
0.8185703	-31.821217
26.232452	-26.029644
-17.669691	8.966977
-42.46949	16.443624
-2.3047593	10.254357
-43.224205	14.125606
-19.71566	10.989018
21.850471	-17.322554
-16.960482	49.46347
-24.041712	5.257656
23.722507	-31.540518
-6.6803384	-25.514246
6.3675313	19.25793
18.835663	-21.85166
4.502688	-14.451261
23.799864	-4.194603
2.0026631	-3.3242812
9.709357	-16.185894
10.611448	-21.065254
-11.596326	-15.765696
-15.845961	-6.281138
13.783968	-38.98294
37.10367	-10.557789
21.910164	-15.173577
4.6003046	-14.93578
10.828551	-18.961994
14.427385	-49.452744
24.263577	-21.740067
11.184702	-21.926458
36.312744	-11.973046
-10.705964	-19.853453
-12.870766	-19.795809
4.4811697	-45.052437
15.428487	-21.879547
26.861876	-9.483171
18.399843	22.644299
11.66352	-21.751116
10.362505	-13.038427
-12.814133	-22.39119
14.330187	-19.07983
18.740496	-24.258883
6.583091	19.05564
1.7112377	5.2798815
-9.20271	-17.0088
25.413568	-28.8921
8.573361	-33.07333
15.908505	-5.5446486
23.448603	-23.123531
25.418148	-24.410326
16.460463	-23.605396
-3.7836967	27.856133
-23.674097	12.767334
8.6221075	-24.223167
17.504969	-32.53534
-15.853061	-6.9779444
-50.6652	14.9835
-1.9780228	-10.288072
-2.3090723	50.286835
-6.953604	-13.901293
19.308014	-20.439747
15.584869	-7.7737236
17.13393	-35.69162
15.546987	-15.233733
17.112108	-35.457195
8.857558	-15.881997
8.8353815	-42.985916
-4.1550913	-39.404026
33.429363	-21.004225
-1.605224	46.389328
18.504288	-17.86319
9.734543	-37.911896
-15.15279	-17.676043
16.229507	1.0683945
-3.3523111	-10.471461
14.287467	-42.76882
-19.553604	10.640723
12.326776	-6.847838
2.199477	4.766321
14.611948	-22.355463
7.308681	-34.157284
12.793964	10.667739
25.406223	-6.490462
18.04866	-23.2057
25.975931	-6.7897887
12.047849	2.8448377
28.811893	-25.921852
12.547455	13.826521
5.2142544	-39.418564
6.4938073	-19.271664
-2.8989115	-7.3729424
18.343452	14.786412
3.4132864	-21.093412
-9.327188	-30.960457
3.0292714	-44.229584
33.32115	-31.029327
-2.3225524	0.89993536
33.334164	-32.98646
12.069274	18.620996
20.802076	-9.38908
16.658121	16.386454
11.959161	13.127878
12.732421	-22.757223
10.653483	-10.848084
1.8448299	-11.327511
20.852713	-21.077393
-9.941384	-37.882816
-14.962641	-6.3528423
27.895576	-30.076899
33.53665	-31.697708
1.2906417	-33.06619
4.9256234	12.489838
-26.484783	40.840157
22.007639	-25.485214
-15.952697	54.351234
-16.787964	-5.8488607
9.532707	-10.118737
-2.496634	-22.536993
4.9014716	-11.529473
-0.94338006	-6.244625
-31.436249	28.502102
-2.846868	40.37164
-12.8729105	4.4058323
-5.5100193	40.972954
19.40415	-25.529604
9.53809	-13.003853
15.596142	-6.506348
6.815894	-15.384753
-8.211528	-24.138824
-1.12089	14.110128
19.627525	9.833277
-2.1843152	-2.449555
6.137271	-35.653717
31.220644	-43.261044
24.173307	7.9302173
16.396103	-12.104868
13.0703125	-0.7664557
9.632403	-18.132133
29.15578	-38.109997
-20.171968	49.00467
-7.6404	32.90443
-24.949911	44.60314
25.80023	-6.0396276
14.321682	-47.108345
8.600239	-49.646946
-10.231865	-9.56338
22.321983	-6.1642385
21.8283	-22.918747
38.647766	-19.920433
28.597195	1.1438603
1.9096833	-12.393107
17.887125	22.349768
7.066598	-14.566103
26.010702	-41.485542
25.583807	-12.118355
27.60222	-30.181816
20.017914	1.6548858
-24.88048	36.168766
4.000663	17.236917
20.402456	-8.513269
4.3460193	13.372787
-6.6878777	-38.364704
-29.410944	26.006794
-10.143293	-19.7936
-0.8189207	-34.35516
20.399893	-8.350328
0.7041274	-17.532219
0.94512975	51.681335
5.8136873	-26.309978
25.27969	-30.14956
34.283062	-8.683701
-10.571546	-29.705133
-21.083166	35.793777
26.750046	-37.890713
16.247116	0.8061497
3.7282794	-10.407144
23.1253	-14.09016
-7.315077	51.82225
-12.864789	-22.03343
4.4240775	16.068832
-17.62617	-2.4658656
-4.2795234	-6.104209
10.226867	-8.587148
0.2777639	13.690145
-20.766752	29.869835
-5.0378127	56.500664
-0.110365726	-28.049988
-22.138376	11.762017
-6.7708387	49.82911
0.15447144	-28.062498
1.619076	-5.069127
2.4967358	-15.698367
-28.724157	13.301865
-2.7669473	51.470875
10.804751	22.339863
18.097528	-18.263906
38.740696	-19.668375
10.187603	-5.997836
-4.7443542	-12.475507
0.98742	-3.363808
-8.784136	-19.98793
-0.6656272	0.5783507
1.1376154	-25.584919
20.89964	-30.704851
-11.926017	39.174305
19.048876	-19.444887
3.739971	-13.520416
-19.565294	37.702667
12.465908	-12.77942
-28.498625	32.732513
-46.769634	19.666414
12.608513	5.3204327
-29.594166	35.301933
8.637925	-26.71214
0.49518314	15.629986
18.057053	-8.404968
4.005265	18.451672
-12.034355	-24.10782
19.662035	-21.212559
35.85584	-10.43837
-26.35933	2.8616278
15.015888	-30.28692
37.12058	-20.318392
-38.878643	18.140743
18.037785	19.645693
33.471252	1.0807912
-5.1719174	38.73618
11.903532	-18.17802
-12.483516	48.133324
18.146269	14.274161
9.62755	23.298912
-4.3444853	-3.3743114
7.1734824	-42.47151
8.248425	-20.344795
-26.804256	31.864414
7.6283913	-1.2697976
18.509628	-3.142735
-49.760082	15.737232
-2.8601277	19.184317
14.522289	-46.26846
-21.282347	17.509218
-23.808655	17.86023
31.415007	-44.164047
16.114582	12.134493
-2.2164347	-11.820482
2.1521287	-29.099297
-25.91836	34.812157
-17.221083	44.10748
-2.7908022	-31.444847
-20.195642	26.988804
37.143448	-9.816066
-40.87033	21.200695
12.891265	-40.385117
42.985855	-13.928229
12.280149	-15.944365
16.03344	-4.311871
5.2565026	1.680419
12.21909	25.300922
17.153593	13.283019
-21.354637	-1.6525916
0.6636626	-47.191166
-6.7023296	53.001965
17.38794	-21.8958
-23.873636	36.07988
-0.35787606	45.04308
20.880262	4.861674
-3.2993746	-38.126965
-24.570723	0.5783094
-19.269943	27.907671
-11.59914	7.11545
-20.435722	41.870113
-10.845456	34.607338
6.3680243	-16.813457
16.516508	-14.548959
-4.360184	-3.4065604
2.7275205	-5.5089383
7.341409	-10.909786
7.33485	-18.098402
-15.711255	42.61815
-11.98649	37.565308
38.092503	-15.620595
35.10033	-13.709235
-3.6716065	37.19493
6.2125764	-24.811144
-0.33536828	-34.015438
25.54668	-15.865955
-1.7451581	5.880371
1.8807898	19.5832
-1.430229	-7.0828443
-7.429579	-29.236032
27.522303	-26.415047
-17.670122	16.272245
25.236591	-24.259209
10.776675	16.862717
10.068082	-10.78307
14.603609	-30.428125
28.022638	-9.856683
11.907071	-35.043972
2.9961555	49.208008
13.780738	-18.07993
-47.739346	12.6587105
15.821215	11.941607
40.662308	-13.246925
-13.261566	-0.1983164
-21.006472	29.881283
22.329102	-26.235956
24.810858	-18.052763
28.69156	1.6433616
-7.644676	44.297825
7.8412185	16.551943
-48.142616	18.89999
23.031956	-36.666405
9.58604	8.006628
-23.950804	14.735712
33.169987	-9.033446
36.818512	-29.48131
-4.028095	-10.066347
-24.951815	38.30085
17.858747	-13.27786
12.582872	22.070316
-6.435129	7.1382475
-48.58923	19.632784
-7.661606	52.449688
11.6404705	-30.03952
15.439713	-40.24725
38.991478	-7.098708
18.170895	-20.097275
19.973747	-16.757097
-4.142	-6.659964
28.04054	-0.58257586
-6.746853	1.6742848
-0.43476656	16.479591
21.78443	-24.967295
41.305237	-15.226799
-1.819467	32.17979
-20.438166	15.502403
-38.149048	14.412488
8.580431	-48.501553
-38.81211	18.786745
-8.418526	-20.749207
31.679684	-11.749326
29.6798	-17.09683
4.6629233	4.456696
-19.84927	42.32755
1.1484324	-25.766209
-49.884983	15.93302
-1.71073	36.408585
-4.446244	45.78784
-51.47088	18.303892
-25.899351	19.734623
-15.105826	7.0093985
3.0110557	-23.913118
-17.220318	-22.131632
-14.643959	-12.510722
-0.80465716	50.502632
2.5535405	-14.138609
23.928698	-10.70832
34.77199	-34.969944
15.632273	-20.398277
20.289972	-0.9010269
-20.88236	15.438141
4.8170595	14.083004
-24.948944	29.937878
9.092646	15.165426
-46.57011	16.995167
-4.285665	-25.183058
4.8848157	-39.87875
15.267981	-14.332658
12.578911	4.4049816
7.4795523	16.898281
35.716026	-38.38409
-8.835191	-30.64105
0.44586107	-26.814863
5.8893547	-18.36284
12.713257	5.0951653
3.6328857	48.367825
17.836758	-32.730465
-18.900352	31.244854
-4.389398	50.431602
9.423232	-36.349846
-5.0886626	43.013336
24.308731	13.676278
0.42127448	-3.5347896
-18.217373	37.38244
-6.1956387	47.431343
8.784399	17.146248
-14.038546	44.45332
3.6083605	48.104134
-9.779906	53.1691
-49.09009	13.6288
-7.4487276	-16.57432
-15.4989195	2.249367
-2.4245162	-22.96364
34.384346	-38.738102
-11.498787	-30.95329
17.411636	9.05248
-6.497763	8.079515
-8.0090475	46.56627
-19.861568	6.9241104
27.551126	-48.091415
-15.808116	-12.239289
16.945229	9.015712
-6.5105815	48.685863
6.529214	-40.455666
-28.733376	25.86316
0.891971	-20.334387
-25.313711	19.146616
13.595661	17.03397
-18.623795	-26.901245
27.538912	-39.54061
43.164783	-9.799717
-48.85843	17.664558
25.281406	-16.044832
-4.140284	-3.509221
26.700205	-0.3226312
11.2182665	2.9812253
25.11026	-39.419365
-3.6569014	8.426399
-4.2711434	49.911034
-19.815166	41.118332
-44.537262	13.150669
8.104008	24.738943
-17.237827	41.5323
-24.110931	30.577116
31.334993	-20.95188
17.112347	-36.3084
5.672901	17.600952
2.0374832	38.196846
-7.2873354	46.28685
5.2681704	-35.484848
23.469625	-3.572539
17.093885	12.834451
19.154894	-39.23955
20.967995	-23.164352
-25.374563	6.009041
29.79776	-30.08128
2.4173634	-3.5485804
-9.953869	-13.611194
-18.15594	2.8805783
-7.6558304	56.47974
-49.63313	12.113436
-29.585417	32.5988
29.056757	-5.589206
30.142859	-12.399019
37.492104	-13.97847
7.6041713	-39.09202
8.859204	-3.6952305
-3.6611714	-1.9315144
-47.826855	10.444453
40.3813	-12.3615465
14.675946	-33.09919
-16.066708	-11.7508135
15.038904	12.179939
8.056976	-15.975181
20.486877	4.6093183
-17.630495	11.090951
6.654456	9.366992
6.35743	-11.185589
-2.6509886	-16.158325
6.8327055	21.786993
10.467297	-37.25007
14.579248	11.956284
10.888032	-8.004892
11.865855	19.744678
3.9713242	15.082851
4.8973646	-24.80834
-0.8956701	3.1318588
-18.26203	45.710487
15.1693125	-39.627758
-5.865395	43.68613
32.675304	-35.99156
33.225334	-11.1655855
-3.5786433	20.372492
-31.241173	30.163733
-4.873888	-35.666523
-23.289497	29.210342
6.232281	14.051449
18.04269	-37.26448
-5.665439	49.07832
11.50702	-3.7350016
-9.191276	7.4108515
-21.91086	3.178515
6.1474333	15.30017
-30.278004	18.108397
-0.7181642	-13.361589
-12.000097	15.1124525
27.113047	-35.72038
21.241535	-33.518085
-21.861364	10.910841
-2.47668	-28.006691
-26.700504	13.600701
-48.96401	15.961347
-6.464509	47.57632
-27.193726	13.080464
15.227272	-7.1536846
-25.77432	-17.852644
29.926874	-31.82641
5.124091	-39.04472
-23.825485	-3.087097
-9.032098	43.709713
27.908033	-41.85408
11.422519	15.148009
-24.843527	-4.004993
-9.32404	4.0095673
33.955215	1.699427
-9.490107	55.823853
31.029469	-2.9955783
-45.08349	16.227867
-5.8906884	-26.158655
-12.883789	-19.543114
1.6228213	19.472298
34.632908	-32.602646
21.909327	-27.038425
27.427465	-23.86192
2.226485	-31.911762
-10.78008	11.278624
-2.601925	-17.204966
15.561389	-14.11098
14.112485	-10.661809
18.201025	-21.202848
13.161456	-28.187775
8.428939	-22.984596
23.258745	-28.15147
-6.1452603	-6.5203066
9.650158	18.999668
-19.975672	1.112227
24.283426	13.717236
32.6557	-12.834554
-16.445412	13.059988
7.79881	24.865986
-44.77704	17.041798
-41.768974	18.299881
-25.618439	30.851156
-0.5526076	7.267843
-18.286047	35.471924
22.033821	-44.279243
-18.618202	-26.914658
37.70163	-14.498131
31.129967	-41.578465
19.53225	-16.359928
33.4842	-15.311
-32.406693	12.672102
10.798946	-24.263964
10.621045	-18.185036
29.127867	-27.959318
37.501556	-14.732564
31.661331	-11.313113
-2.8430283	-2.262179
10.604684	17.257868
-2.6682138	-18.523767
20.01511	-30.91546
-22.28535	41.342983
26.148144	-27.342812
-22.212025	8.254792
20.958363	-36.596596
-13.899222	-17.940329
-2.2484474	0.9651602
3.5854704	-13.015385
4.9447417	-21.633602
-45.12743	19.846556
12.471548	19.221083
-48.571953	18.364847
-16.792412	33.510227
-3.6466448	46.00144
-1.3324829	-39.108494
-13.725035	8.920109
-8.904032	-19.553308
-5.539298	9.508302
-5.5241313	42.815327
29.310524	-3.231309
-5.5805283	55.629593
-2.240508	-36.89909
27.092842	-28.569504
-13.478966	-11.709155
-45.820324	18.923037
18.054644	-26.621061
8.428925	-8.160394
-20.089552	-3.3069303
32.891666	-25.207844
13.32925	-38.283962
-3.2473245	47.51183
-30.690844	27.127321
-23.11276	19.147034
-28.793407	22.715824
3.7760623	-19.356384
13.211986	-8.276937
4.77594	-21.160528
-48.73537	14.62013
25.171581	-23.981298
-6.684402	35.736652
34.624233	-37.515366
2.1895552	46.233814
-3.0590198	-10.831965
20.256018	-33.523945
-13.309768	51.65364
18.817636	-14.296779
-5.6753955	-16.604473
25.16537	-13.427062
0.35603487	18.76145
-45.893097	15.475554
29.756836	-26.814392
9.489643	-12.945599
36.38258	-3.3586917
17.589336	-4.6918974
14.5527115	-46.174168
-44.511074	19.35528
-16.848253	6.877898
-16.979355	12.399365
-12.153035	39.97345
13.063016	-38.040413
-15.946981	2.5328612
-17.532738	-0.1312157
21.546879	-5.7663784
28.956398	-10.470285
-24.624111	24.590048
27.877209	-1.4566882
27.031511	-28.751205
-10.605547	46.759315
2.4890516	17.15545
28.55963	-36.783463
-0.91866845	-16.847166
-22.11227	13.353636
-2.4606318	-22.129433
15.115693	-13.499524
8.818436	-5.485704
25.574589	-34.446037
-46.842915	19.942493
11.015122	12.816273
18.144892	-29.352877
-1.8986208	-18.619223
-2.4147508	-25.722607
-3.0934172	-26.57672
0.24931717	18.855589
6.386006	13.953375
28.030756	-1.0821881
-5.620565	40.850483
-12.081668	-24.218513
8.972111	-27.949804
22.843029	-38.080616
12.387694	-21.965467
-6.693772	-25.908024
-13.562395	53.065876
-7.2584558	-31.813559
20.669323	-18.557194
-39.178852	17.139446
-44.10858	15.723078
13.14809	13.100349
20.134491	-17.299202
0.71716833	-4.5325475
-13.7952795	32.883556
-7.391673	49.23316
-20.881653	-1.2906312
-3.2721245	-15.319325
11.991782	-41.85971
-7.155492	47.557804
-22.637058	11.573346
-26.440676	41.26014
2.458186	18.016575
-23.867922	14.330295
33.391407	-15.35482
5.7667465	-32.13069
20.2161	1.3326982
-15.104751	40.753765
19.556543	-23.948832
12.624623	-32.04459
-9.211932	45.375202
-4.5958776	51.500656
-11.552901	15.512283
12.859409	-23.54325
-3.4189498	-25.880108
-8.941992	8.822011
7.9301386	12.552886
-12.81977	-4.2170734
-17.681013	-22.509295
17.802664	-22.574408
-42.583954	17.672926
-15.61773	38.694912
-10.13172	-41.21075
10.600031	21.056871
26.243183	-40.95831
18.936653	-47.01628
30.675257	-18.250132
12.443698	-9.740294
7.8211	-8.918781
-25.066813	27.985582
4.778496	-13.027082
-4.596617	51.95053
-2.2962382	-11.177768
2.532682	-10.879229
21.845522	-15.552692
25.862272	-30.70675
11.381894	-23.044369
-20.428255	9.6349
16.99633	-8.739081
-16.109474	46.44684
21.850357	-23.751974
25.880213	-5.5977454
28.661581	-33.880207
-24.181034	34.809147
4.8176494	-8.547524
-13.39703	10.579469
33.416492	-6.51298
39.78002	-31.266874
26.308722	9.1323185
-19.902298	6.741758
20.251047	-33.023483
-10.733999	10.558448
8.409941	20.697332
24.948002	-45.221474
-6.485442	43.441532
-23.874256	2.4063737
34.396618	-3.8734155
-2.3063204	14.562099
-17.578344	3.0420208
-0.98563	-21.841333
-23.657246	38.188095
1.9297835	22.56846
-1.3984709	40.97765
-25.18064	6.428672
-16.9348	52.60553
21.187849	-19.611439
25.436314	-37.65036
-17.463581	12.244334
-23.371239	32.019478
-5.0771422	38.165985
-43.60435	14.789457
-21.597881	15.54274
9.140762	19.587082
-0.30350676	10.895521
-6.6002383	-43.09331
-8.280118	-12.411346
29.360975	-0.9327143
-8.047957	50.710445
-46.448093	17.509764
-7.6792765	37.77897
-23.019104	4.6054235
11.29108	-40.224796
-6.614536	-16.009375
-11.948403	50.783077
5.6168613	21.240475
23.247381	-17.76955
3.9427388	36.260574
15.4401865	-16.491285
0.6078102	20.656225
-10.4586735	41.20843
-48.452736	19.724205
-5.1662736	-32.16691
-9.498133	42.54314
-9.845854	-30.322943
-8.232182	-28.300009
-20.085398	-3.4882338
-26.19899	2.7434678
-6.9861784	46.657455
-11.697876	42.884018
21.913597	-19.951391
-8.846656	-40.79633
-2.305196	-6.2309575
-29.457636	23.433943
-24.603134	5.4547772
-9.48638	41.365734
7.398155	-12.55918
17.636099	8.9757
-15.455654	41.655373
29.83101	-17.288868
26.45964	0.971724
-18.626347	38.37049
12.364178	23.074242
-13.82879	31.933847
8.454712	-8.216314
-16.778502	48.363194
14.883905	-8.003914
23.995207	7.7002964
12.077504	16.700056
34.578426	-25.081165
-28.074791	6.7420473
28.640354	0.107494235
33.926865	-35.678143
13.74458	-36.892265
14.842387	13.658944
7.470105	-16.861597
3.9991746	-9.770068
-15.838798	46.886272
-13.34171	52.038292
-8.45739	53.73325
26.156147	-18.71142
-10.84112	38.359043
13.111134	15.066379
5.945554	-35.451122
20.76727	-34.806103
-11.377219	51.3729
12.566488	15.133796
-17.171825	8.022291
27.043482	-14.722821
-2.579409	37.638123
-44.212994	18.114061
6.214198	-19.31452
-44.777363	11.230123
21.199707	-25.42702
14.682554	-38.304184
-8.114538	-23.749252
-10.933511	54.79645
26.893976	-24.452303
16.855389	-5.104539
-2.7043302	43.41918
-17.643122	5.286925
-45.944614	18.010279
-15.001847	3.8482428
7.006717	-21.454836
-39.06687	16.984463
-0.6713689	31.6068
23.907074	-10.756032
-27.76768	-0.39182118
0.73038244	39.338684
31.849997	-17.562393
-10.917018	-41.644497
31.23568	-25.708912
-25.223328	33.685886
5.015622	-24.748484
-24.08455	28.679556
-15.548863	-28.761011
42.986473	-9.890536
-44.354736	14.92717
0.47686276	41.464043
-7.125745	-16.706831
-25.446604	5.0656075
3.5521479	43.08875
3.24337	-24.657095
20.918022	0.073929355
7.3065867	-18.742071
-12.391977	47.980717
-1.5927559	36.207985
14.387925	-17.353539
9.603415	-34.195744
-26.445602	20.769236
-14.145778	0.64460754
-42.497513	12.979857
-0.47004765	-39.15868
1.1018205	-16.808773
-13.757799	-3.5760145
7.4234943	-4.648135
23.255255	-16.527729
-0.62433404	-14.093782
-2.9529858	41.406303
-20.249111	4.179624
-8.892672	28.597654
-26.166769	10.544199
6.4261136	18.138227
-2.136545	44.111843
9.868515	-19.04359
-27.00376	20.800123
9.080586	8.362924
8.800051	21.870642
15.947294	-22.153471
-44.013134	13.212646
7.1083717	-27.974361
18.533018	-32.93963
-20.020582	4.055713
-10.558656	54.134426
24.498415	-34.051388
-8.114663	35.1755
-13.7855	7.3419843
3.400581	-17.508995
-24.556732	10.804096
-14.100792	50.517452
3.9246693	22.315365
-5.932791	-10.6110325
-10.528432	50.309765
23.740643	-4.093995
12.427826	-11.336082
-3.5064209	27.151522
-45.806744	14.948971
9.24037	14.678141
-5.6872916	8.96685
-48.149055	12.19304
26.188972	-31.088295
9.215193	12.570835
-16.740936	1.6805785
8.191478	8.854433
-7.949263	53.899704
29.321327	-29.834589
5.825514	-4.4991283
-1.7181778	-3.8697503
-24.082764	6.0462217
33.685814	-9.914656
-22.854954	-7.9759593
-43.977783	11.672966
3.714184	-28.727577
-17.037813	2.0243285
20.451954	-4.162274
-3.6573372	28.061392
-7.135067	-13.074272
-8.3258095	-24.88281
-3.467197	47.622654
-43.47452	14.800608
22.129423	-20.899002
-46.84174	22.71251
7.0988708	-17.518581
36.20492	-15.455349
-8.598475	-27.409107
-45.25107	14.057401
-1.2375184	35.92155
-23.558409	34.295193
-15.455916	-18.760626
-10.553272	50.273777
-14.2011	50.512287
-23.302431	6.900367
-0.27382722	39.76856
-2.1573393	54.073345
11.905059	-12.842697
18.874596	-34.311295
0.96286094	43.7308
-27.73691	27.915493
-0.6520817	-20.582455
-7.3657174	35.49707
-0.6893113	2.0264063
23.328451	-0.63852215
-9.5875	56.767014
-14.851356	7.796052
-26.458721	-2.1692216
0.39634305	-30.340458
16.58624	12.412409
0.53082114	15.322922
-19.499842	31.708075
-6.0952196	-17.73407
29.092552	-3.0300777
-27.412996	36.24009
1.3676137	44.1166
-4.7664304	-26.289314
-26.991583	18.844162
7.859336	-33.41986
-27.467344	31.901207
18.2611	-11.900508
8.325887	-24.524576
5.006454	-8.291362
9.814544	11.433359
-26.436665	35.808167
-7.2550583	-12.836642
30.737362	-33.75516
-1.3535116	22.832304
-25.663782	-1.5067205
-20.320436	16.223211
-28.886808	-0.053018756
5.7610674	40.887302
-10.557769	46.40114
-6.160799	11.33901
33.613407	-33.96703
-21.291187	42.04801
-10.388147	0.8689896
15.556176	-34.015873
-26.783222	33.335472
-12.291569	53.762253
-0.23177843	49.40752
-47.019215	14.381095
-3.1864011	54.199436
11.701734	-29.545004
23.297825	-32.916176
-26.344866	44.070522
-23.303045	-5.820242
39.75068	-13.859135
15.3125105	-21.77288
-5.528114	55.62617
-45.36675	22.641752
35.754887	-18.655664
29.377113	-29.952158
-25.290737	-1.7965745
31.101753	-10.878559
7.154226	-11.282053
-29.034819	30.45429
8.599332	-49.63221
-13.209166	51.60497
-0.6679743	-11.604003
-4.5324526	-22.236351
-1.8167766	43.34838
9.745462	18.130005
-13.201364	49.645695
-1.6008867	43.772923
-0.91366637	3.136111
-48.388817	18.039595
0.63797885	40.14043
-8.7106085	47.51688
3.044158	-19.015074
-24.822866	24.963526
28.927647	-17.591555
-24.645624	0.6219392
-50.282585	18.313929
9.71307	-28.294188
40.378647	-13.311946
-13.286132	-7.8615737
17.650461	-27.583403
-30.048927	30.015581
-46.575623	19.171562
5.085031	-4.3662815
-14.897273	51.435364
-8.1228485	50.043205
-14.975152	8.105714
-20.273745	37.11029
-22.440296	-2.6749322
-13.709067	-12.090327
24.015642	-41.98704
-3.324326	41.416275
-20.975838	9.849499
6.955353	-19.448423
-0.64316565	45.3356
-8.085955	39.381405
