0	5.9358473	-7.5843725	1.1663649	4.3813868	5.48723	-9.812184	-0.015141875	-7.6711764	-2.3775487	2.4834664
1	4.67405	-9.726082	-0.002560109	2.895766	5.280588	-7.8813915	1.5493294	-6.2292166	-0.04941477	-0.029720992
2	5.9967856	-3.3541536	1.6119277	4.391075	2.9508057	-8.9917345	-1.0557383	-6.7782135	2.583097	2.1696155
3	5.960476	-7.6898623	-0.23536941	5.065135	5.967763	-7.914253	-1.9613241	-2.9477508	1.4554628	1.9000351
4	5.384117	-8.676157	-2.4221022	4.6747656	2.5241153	-12.372462	2.557643	-2.4298131	0.710461	0.20656279
5	1.6260931	-4.017258	7.152066	3.1340125	2.4714208	-9.407612	-1.744932	-14.127174	4.2299714	-1.4954636
6	-1.5596764	-8.621274	1.0657222	8.093621	10.148987	-11.409776	1.6536838	-3.7121031	4.896472	1.6561773
7	4.5070987	-1.3669138	0.29099014	6.746714	1.42454	-10.765807	0.25514755	-5.332138	5.0210576	-3.3307989
8	4.8089437	-5.2761927	0.623832	3.262296	3.6319113	-11.692357	0.17186984	-5.527153	3.1910858	-0.6816957
9	4.6668715	-5.7875643	-3.4973104	8.476579	4.5146723	-9.046346	-0.61421144	-0.48303393	8.662758	-3.400265
10	7.4523964	-5.508321	-0.3566701	6.3749413	0.98891735	-12.406411	-2.8102837	-2.3417761	-2.5190732	0.8167088
11	6.9655676	-6.828208	-0.041380137	0.24740523	1.9686377	-9.63397	-1.3494643	-5.985339	-0.10928573	-2.5011122
12	4.7281957	-6.0127063	0.56742406	3.1597035	6.1522303	-9.695392	-0.78538597	-6.0988455	2.5676017	-2.1238244
13	5.338174	-5.53228	0.66472316	2.3616693	2.5504377	-12.474116	-2.7287664	-5.354475	1.4362618	-2.6150906
14	6.2791843	-4.37054	2.0423987	1.3626833	3.6242576	-11.581195	-1.1178569	-6.5645065	2.2046003	-4.115255
15	4.1918797	-4.8251657	0.44730595	6.048946	2.7570717	-10.806087	-0.95371664	-5.8996453	2.7997086	-0.41641352
16	0.1307604	-11.265223	15.268356	5.4661965	0.9736562	-7.24784	-4.0551376	-9.601285	7.3566856	7.6484566
17	5.6701493	-6.0143156	0.74094033	2.5946152	5.3004394	-12.638379	-1.4666866	-4.484432	3.1104627	-2.0576656
18	4.6770773	-5.9794307	1.2883055	4.402566	-0.31344986	-9.58609	-1.3436078	-6.838708	1.9688529	-3.2431352
19	0.5067028	-11.860983	2.7554317	-4.927711	4.941147	-8.326515	1.7670003	-11.211195	4.768452	-3.8175046
20	6.229782	-3.9322243	2.3001807	5.310003	-0.12672901	-11.524692	0.54178965	-4.004577	5.0529065	-0.9005525
21	5.906086	-1.7204032	1.9744599	10.629729	-3.9202938	-11.579061	-2.9409418	-8.438694	2.2575498	-0.86968875
22	4.2249017	-9.21916	1.3050358	-0.12730628	-0.06959677	-11.508697	-4.941242	-4.609873	0.20888434	-1.1924398
23	6.451088	-8.844627	1.2899201	-1.7403781	6.59795	-6.1846952	1.9633151	-4.3959465	2.5635955	-5.520922
24	6.803609	-10.916722	6.626618	3.7113373	7.605032	-4.7733746	-1.043784	-5.535571	0.49602497	6.068462
25	-0.76295424	-9.475922	3.0067441	11.736059	23.832539	0.940544	1.7771055	-7.9092383	-3.089489	-3.8592288
26	4.710109	-6.7488537	1.5552547	2.8745272	3.5324376	-7.8095884	-0.48201075	-7.871585	3.0619743	-1.3392861
27	5.962453	-7.765254	1.3064125	2.4221723	0.2138803	-6.604828	-5.3271794	-9.420521	5.136882	3.897289
28	0.8340688	-7.5837336	5.202439	5.1417885	-2.2526634	-9.571906	-8.713324	-6.2278533	4.235809	-1.701288
29	2.0049162	-8.41835	4.7731643	5.269799	-0.974391	-10.02171	-4.9406996	-5.614487	2.1578536	-2.8379605
30	6.1305704	-5.6319203	1.5448916	6.0752425	0.002408266	-9.005251	0.3727785	-4.958159	3.1093278	-2.0212524
31	2.2159991	-4.76855	1.5385344	8.23563	0.21955156	-8.678293	-3.8254907	-4.8217845	4.1449895	0.693177
32	2.0460706	-7.3324676	3.1640189	8.008637	2.743558	-8.963075	3.5556207	-5.6825213	5.8469634	-0.69087243
33	5.661737	-5.6731124	-0.12090561	5.388944	1.5625291	-8.274596	2.2892656	-5.922841	1.7108151	-3.802807
34	4.0049787	-1.3255653	0.5847857	10.124563	8.160261	-10.175445	4.627627	-6.234195	2.5539668	-2.0630887
35	2.3022695	-2.2845192	1.1751225	8.438982	0.7913985	-10.898101	0.38082036	-6.079981	2.931179	-4.590768
36	5.9601326	-7.377707	-1.3105342	9.178497	-0.5463121	-7.236907	0.9920236	-6.0071316	1.0618914	-2.9958308
37	-1.3384004	-3.491044	2.0121796	14.42377	0.6300099	-13.09941	-2.1317654	-4.209127	9.71002	0.19799355
38	4.516936	-4.5153704	0.098933965	6.820305	0.9400821	-10.605334	0.6421529	-2.947541	4.393748	-3.1340039
39	6.2434516	-7.612715	1.5630796	6.165518	2.3479743	-5.819733	2.1207337	-9.433695	4.1032305	1.4330385
40	6.6702476	-9.952582	7.4462624	1.7130148	-0.87353516	-4.2045302	-0.7231215	-10.408428	-2.7883017	0.37246588
41	5.1769953	-6.518517	-0.08221313	5.1821885	2.3858042	-12.506532	1.19229	-4.8844886	3.6589355	2.6589377
42	-0.802778	-23.750824	3.4139874	11.594967	-1.0255713	-7.058256	6.3242946	-2.8247173	-12.718159	-19.957119
43	4.240576	-2.3685265	-0.8216789	8.516398	0.8632355	-10.480239	1.7490069	-4.3670216	6.7990255	-3.2782042
44	11.505356	-10.7719965	2.1773746	0.1636805	-0.75528455	-6.9333396	2.7507563	-7.2404127	4.050763	-0.043833464
45	6.638314	-4.7123938	1.101886	0.67157847	1.810488	-10.255769	-0.5906657	-4.5809975	4.499258	-5.232993
46	5.2395597	-1.147502	1.2934935	4.905841	5.3634095	-12.939698	0.9999863	-7.0898113	-0.5524906	-3.620333
47	4.29116	-8.330377	1.7765834	6.1217904	-0.45451546	-8.510346	1.5623513	-4.5400124	1.4348499	-3.5020227
48	4.965372	-8.518623	2.7426603	1.9815757	4.9493446	-8.74652	1.0164319	-6.2591047	1.5166734	-1.0165188
49	4.063153	-8.096767	1.0811884	2.2617285	3.045882	-10.952644	-2.7246199	-6.4080253	1.1648821	-1.655885
50	1.982697	-8.766712	-0.4671733	6.3677588	1.4630227	-8.912524	-0.9876474	-6.5956106	0.87597597	-0.9400294
51	5.3907084	-6.275432	0.83970904	3.4135005	5.429659	-12.637013	-2.4690132	-5.877573	2.9815283	-1.1912482
52	2.0378685	-6.7238817	2.4787133	3.8683705	3.8399763	-10.198376	-0.38108054	-5.692292	2.5845513	-2.0580971
53	3.9928465	-6.5247626	-2.3449786	6.5932755	3.5499349	-11.781381	-3.6593356	-2.980419	2.776268	-0.056125373
54	3.8659792	-3.9345345	0.028936654	4.4477115	2.5301802	-11.777606	2.7193851	-6.7466803	1.74835	-3.998367
55	-0.24697068	-6.2732267	4.140039	0.6547653	2.777241	-12.132534	-2.7143233	-5.1237373	6.20072	0.11380318
56	-7.455955	-24.502728	2.998016	3.9380043	6.276351	-11.331151	-16.466585	5.094345	8.095212	-4.1657763
57	4.989574	-3.0560932	2.6395705	4.28167	0.872869	-9.499305	0.27965745	-6.0421004	1.0273803	-4.1293306
58	5.402685	-7.410165	0.1390517	4.033808	1.8534372	-5.5452747	-0.5958632	-7.1789465	1.7265278	-2.5972528
59	1.0821109	-5.707208	0.55146194	4.7845716	7.3747153	-13.48273	3.4971642	-5.7537107	5.7699485	-3.0134847
60	3.4291086	-8.380963	6.5503335	9.249905	-1.1358783	-8.55012	3.674941	-4.460142	-2.4649136	-1.9921453
61	3.7246075	-7.8878345	-1.4511855	4.5011973	4.310984	-10.8228445	-8.60616	-6.641202	-5.510265	0.5042045
62	4.4101343	-6.795554	0.7908671	3.5493903	5.9229617	-9.493267	-2.0238109	-6.661043	3.313054	-1.051873
63	4.0515223	-6.9819846	2.5384514	4.736059	3.4871206	-9.112438	-0.80127513	-7.4319344	2.7887406	-1.3634846
64	0.06642792	-10.06474	-0.7639401	14.047442	-0.88019633	-10.653125	-13.9003105	2.4694765	0.7091962	0.0034234822
65	3.3271916	-7.3064375	-1.2512476	1.7094185	5.3622274	-9.626489	-1.3048786	-4.2598906	3.4235852	-2.1039276
66	5.2703834	-4.9883013	1.7370536	2.0396724	7.6807227	-11.517188	0.3833228	-4.8506956	2.0353446	-6.1498055
67	4.096004	-7.7054586	5.966508	8.153247	-2.0606432	-9.146131	-0.18879834	-3.6959198	1.0657808	-0.97688603
68	5.9937687	-6.156005	7.9958234	2.2040563	0.4637239	-5.347253	-3.593402	-9.49979	-3.3451934	1.6870539
69	2.1043398	-6.7937517	-0.7267997	-1.0914772	2.5569513	-15.877209	-3.8794065	-0.833163	4.189217	-4.0138373
70	4.0316277	-17.882643	-7.6403656	-3.2672718	2.8699775	-7.460711	-3.5436163	-5.0029488	7.54088	-10.209159
71	6.978154	-2.3385744	0.30864647	8.448969	3.5697088	-9.13916	0.24980459	-5.668722	0.3080684	-1.0194294
72	6.139819	-7.590269	2.746349	1.5366652	1.9964135	-14.818961	1.651991	-5.4543543	-2.328494	0.61587024
73	5.465358	-9.604178	3.3965132	7.058134	0.60343504	-4.6731224	-1.9508866	-10.241756	5.0039406	5.3147717
74	6.8055506	-3.5812702	1.3441913	3.0410385	7.0496798	-8.783965	-1.0826906	-3.4185646	1.2076079	-2.3477316
75	3.5743592	-4.3484464	6.5971146	5.274543	10.915858	-19.041468	-5.5955825	6.0686665	4.5243664	4.4052997
76	6.3055224	-4.6748877	0.52526116	2.3494997	1.0833547	-11.248054	1.7958294	-5.4988613	4.858687	-3.1041067
77	7.0975037	-4.4660444	-0.3785722	3.1507707	-0.4185574	-10.542228	-0.94215	-5.828964	3.577355	-3.1928277
78	2.5158195	-8.458726	-2.350447	3.069579	-1.4013004	-11.823466	-5.38864	-3.596604	-0.64358747	-3.539112
79	1.5920641	-5.687128	2.2013485	3.0708122	5.494202	-13.774095	0.39406785	-3.557266	3.5755153	-4.937537
80	-2.5470705	-11.771641	-3.3683202	19.92529	4.552228	-5.94011	-9.913614	-9.998116	-0.13277282	-4.1934695
81	5.312587	-7.2710648	-0.5024898	4.712302	1.1910689	-11.13782	-1.1409286	-4.631852	2.6245005	-1.0466263
82	5.519517	-3.7747755	-0.3150203	3.8059576	0.46895313	-11.929194	-0.31733122	-4.8332787	3.062018	-4.4157495
83	6.0196624	-8.311961	5.047838	3.8348715	-0.5620556	-10.98456	0.0007687509	-3.8585293	-1.4661142	-1.5854495
84	5.6904607	-6.7776985	-0.30510542	-0.079045594	1.4667268	-11.1261635	-1.7436913	-5.577857	3.2546372	-4.0890007
85	3.7973807	-2.5008092	5.0964193	9.0940075	1.7960982	-8.36436	-0.5811075	-3.5244577	10.224339	1.6928904
86	-5.8537607	-18.010319	22.44074	20.32316	-1.5722985	-5.826663	8.961325	1.0867236	15.931281	-13.158669
87	6.249052	-5.9202623	-2.4831483	4.4417195	9.501705	-5.3055496	-5.654459	-5.9854083	5.8289814	3.6215632
88	4.1664734	-11.397518	1.6603129	3.314567	-2.3435397	-6.587117	-1.3700608	-5.066322	2.5721705	-3.0897064
89	7.9150295	-5.8230195	4.3292727	0.68006355	-2.135945	-15.19199	-3.045096	-2.0768745	1.4477807	-0.49210855
90	3.9371312	-4.5245333	0.91683745	3.6925216	4.08138	-11.31894	-0.90790737	-3.8413208	4.9803348	-3.5691934
91	4.195574	-8.220944	0.7281687	3.1846874	15.869633	-4.753494	2.4239693	-4.775931	5.802441	1.6371539
92	4.2775593	-10.88308	0.9559109	0.29061043	2.2530355	-9.1979265	-4.803107	-8.625458	1.8914176	2.2952006
93	3.437622	-5.676871	-1.7242339	6.2930036	-0.38499928	-10.188247	-1.8848337	-5.8175406	0.9562367	-3.9177659
94	2.8587737	-5.504375	4.3258185	2.4464767	9.04668	-14.785264	0.98601925	-3.0142105	1.3687807	-1.904516
95	3.0583434	-7.2766914	1.5390246	6.756593	1.8030486	-8.327262	0.5663725	-6.8706436	0.06600796	-2.0637124
96	3.6822474	-2.6359663	4.7228346	-0.11313236	10.141537	-11.317576	-3.2820106	-8.710741	0.48616278	-3.2251503
97	1.8347332	1.3778095	4.186669	3.805429	6.354925	-11.693328	-1.0067395	-6.8758554	-0.46267116	-4.302445
98	4.0674562	1.3594422	1.6423581	0.44759893	7.9385676	-11.176465	-3.511084	-6.8915925	3.7226686	-2.899393
99	3.698343	-0.72894096	5.1526895	0.86244875	10.9627075	-9.781178	-3.1502695	-5.8796453	0.49461782	-1.1093724
100	3.8586924	-2.287293	2.769634	1.3000882	6.629098	-16.090216	2.0350404	-4.4815626	0.7177774	-2.4427483
101	-2.323969	0.9541993	19.190681	2.3434691	6.0644846	-1.0098726	-11.929988	-16.904297	9.386379	2.326884
102	0.9242053	-3.835268	3.7112267	3.5545356	11.538278	-16.090904	-0.57341945	-4.4448404	3.5751758	-2.5125248
103	2.8551927	0.24878499	3.0015895	1.5542188	8.358028	-10.901528	-3.125064	-6.9464264	1.785915	-3.4545677
104	2.381516	0.7654619	1.2480991	3.492699	8.086812	-11.408861	-4.5464325	-5.0402946	1.1636645	-2.8623908
105	1.7750182	-0.095617324	1.6993916	1.4427633	10.299317	-11.007339	-4.557951	-7.4663987	6.3977427	-3.2616396
106	4.8398247	0.07095811	3.116439	-0.26041657	7.950346	-10.648304	-4.172041	-6.7951555	-0.3514284	-4.128105
107	4.317207	-1.8394842	3.019426	-0.777286	8.333132	-10.329732	-3.335146	-7.176264	-0.5164076	-3.5830185
108	3.280084	-1.5376635	3.6796563	0.82026345	10.165505	-13.228333	-2.020122	-7.188423	2.4328332	-5.2750487
109	3.5216694	-0.31572106	1.6093609	0.78408045	9.197152	-13.940265	-2.7428474	-6.8674917	0.5682422	-4.250338
110	4.8719816	-0.61426735	2.9636872	1.1496605	5.9025426	-13.45345	-3.0392466	-7.231676	2.0167785	-4.778261
111	4.5687866	-0.14144757	3.4561617	0.72794795	5.5321283	-10.556968	-2.7862449	-8.417812	1.8935906	-4.1430793
112	-7.407428	0.17973897	31.130806	15.898678	0.35698795	-8.865622	-15.046819	-5.364785	-8.482254	-8.897996
113	5.62477	-1.5689387	3.1409986	0.44901842	9.302866	-12.592502	-2.0198584	-6.968278	1.8491632	-3.3258147
114	3.0569394	-1.5370674	3.5071933	1.7230263	5.6482806	-10.988219	-2.0453196	-8.456585	3.5749984	-3.4211524
115	-2.6559167	-12.459587	4.774753	-17.08476	12.062936	-9.261462	-3.1803536	-12.363314	2.9548159	-10.187857
116	2.314873	0.19685408	4.923203	3.2592874	3.3355546	-9.507324	-0.9650248	-5.1061172	4.30455	-4.061577
117	2.791745	3.9106483	4.743174	9.303956	-0.52233267	-13.46033	-9.301837	-7.331778	3.146503	1.060682
118	2.6022213	-3.2915268	3.574323	-1.2674754	1.1930985	-11.004214	-8.452874	-6.360834	-2.627839	-2.083493
119	4.235541	-1.7437916	4.3632855	-1.6911016	9.278504	-8.13622	-1.9018534	-7.2702394	1.1981264	-4.7571816
120	3.7243536	-0.14504817	4.643625	0.89791816	8.816278	-10.062552	-3.5608926	-7.5027304	1.0547444	-1.484277
121	0.57323	-2.868085	2.2151072	4.0772357	20.127743	-4.7912436	-4.342559	-7.736782	-1.2822753	-6.7026834
122	2.843743	-2.331822	3.5423763	2.0442626	7.24704	-11.375743	-2.496791	-4.6632032	1.827994	-4.9899106
123	2.9862008	0.062272996	4.0022883	1.2447271	7.581105	-10.228997	-4.7814713	-7.8136463	3.6232362	-0.16011879
124	2.4122295	0.6476102	7.0117326	-0.5168332	3.6348422	-11.1967535	-4.737034	-7.679883	1.6006414	-5.7876873
125	2.3881922	1.335938	6.0397077	0.6509081	6.072607	-11.316672	-3.1698937	-7.7947745	3.4388566	-4.065478
126	4.0727735	0.29432198	4.4901314	1.2690396	5.904399	-9.841921	-0.6413268	-6.891506	1.4551603	-6.467907
127	3.7599545	-1.9399757	3.7998607	2.4617836	6.3196764	-12.709039	-4.0655212	-6.9232807	3.2715778	-1.9451439
128	-0.61195445	1.6070981	7.8595567	3.043246	6.5111804	-11.788937	-1.017752	-8.432516	2.9030962	-2.9908845
129	3.4723206	0.04533717	3.7895982	0.5274099	9.545141	-10.05118	-0.7011088	-8.261233	0.63505733	-2.84719
130	0.30639574	3.0152864	1.8368495	7.338222	15.002655	-11.075492	4.204466	-7.8928576	4.14236	-6.983226
131	0.10841879	1.8623767	3.9903586	3.7331712	5.916724	-11.814888	-1.178615	-9.333466	2.596395	-6.617111
132	4.182572	1.0366921	4.4289646	1.9567854	6.0425725	-10.847885	-3.3614626	-8.587146	1.4750558	-2.0945141
133	-1.164217	4.001177	4.0774465	6.2832685	3.3565927	-14.855233	-3.298911	-4.136091	10.137591	-4.6399765
134	3.1264749	0.57329273	3.9715436	3.315437	8.482708	-11.206534	-0.8747624	-7.570346	1.5103184	-2.7016318
135	4.7495327	-0.641099	2.176246	1.3790989	6.93406	-11.617787	-0.52428806	-8.146702	1.8128363	-3.6940103
136	2.9063742	-1.2667961	6.7876267	1.4898462	7.640226	-8.003642	-2.6176038	-9.024561	-0.24341048	-2.9697578
137	1.2037617	0.15705678	6.019957	0.2836954	7.3026247	-13.693713	-3.2659073	-6.4532547	1.3630596	-2.6278706
138	1.8007207	-5.273409	3.7982247	1.6642356	5.6030493	-11.84615	0.23338184	-3.697415	-4.480968	-10.210143
139	2.533411	0.9846611	5.1584477	1.3418007	4.8808413	-10.528329	-0.70884264	-8.170284	1.4164463	-6.3877435
140	5.319771	-1.1690884	5.2574754	-2.2438605	5.6171703	-11.869147	-1.403529	-8.490003	1.2808701	-3.3487012
141	3.9655323	-0.12679055	4.687062	-0.6982812	6.11885	-11.377564	-2.9766526	-6.5899963	2.7360358	-6.250725
142	1.7197437	3.3093014	4.89934	6.0033617	3.529648	-12.308149	0.10629997	-5.939223	-2.186172	-5.8230696
143	2.8810196	0.2380962	3.309264	1.2548294	6.6437864	-11.338486	-4.558336	-6.881861	-0.20766725	-5.5116043
144	3.6466856	-2.144958	4.051043	1.2083083	8.8202305	-11.446426	-2.034709	-4.422987	2.3998718	-5.6285596
145	4.527527	-1.4055996	4.2744346	3.0983248	8.039974	-12.764361	-3.175911	-6.1035357	2.7074695	-4.0868835
146	0.26447913	-1.6330118	2.1644552	5.040279	5.176484	-10.901214	-4.4283133	-4.4515076	0.90872633	-1.6743133
147	5.75058	-0.84368706	3.4101288	1.5730956	8.56429	-14.380607	-3.845953	-6.2291965	2.213223	-4.9357624
148	2.4819539	-0.19409707	3.997545	1.7210491	7.707552	-11.372991	-1.8932141	-5.9991837	2.032218	-4.8860536
149	2.855572	0.6015706	5.5139623	1.5662684	7.057595	-13.162335	-2.4323835	-7.462915	1.3210675	-3.6221979
150	3.60316	-1.655199	4.141623	1.6215391	7.853771	-12.036898	-1.1446418	-6.0294046	0.84757864	-6.1142693
151	1.0897658	-2.8432865	6.112909	1.0093782	9.236041	-14.087128	-1.7382601	-6.10421	4.1165986	-2.5678651
152	-1.406308	-2.1097178	6.600281	0.384665	7.992749	-10.881132	-5.2026567	-6.015253	3.972043	-2.774038
153	4.616357	1.5376287	5.314161	-1.0629022	6.0181503	-12.530841	-0.6690763	-7.691719	1.1065346	-1.825042
154	5.127518	0.3830423	3.5126736	1.885005	6.777261	-8.4408865	-4.1577973	-8.945112	0.9706255	-5.318639
155	-0.61239636	0.75269127	3.925647	4.9134603	12.455498	-10.856664	2.8399482	-6.651636	5.8307304	-4.284002
156	2.2211518	-0.055720836	3.1387522	3.021863	8.3749275	-11.293911	-0.89203393	-7.2548	1.2597343	-5.6829014
157	2.869318	-1.3955584	0.571049	1.6866398	11.849019	-14.404519	-10.935605	-7.08636	-4.4988112	1.7992964
158	4.9540167	-0.85614634	4.274902	0.7547168	8.473909	-13.032338	-2.5451212	-7.603671	2.7641215	-3.1739564
159	6.228285	-2.4207034	4.001743	1.6194832	6.6795506	-12.144262	-2.6925817	-6.3496933	2.3149233	-5.196228
160	1.9117174	0.017840356	0.63677144	6.9834466	9.1321	-12.92525	-8.438273	-3.540416	1.4031698	-0.3019497
161	4.4576902	-1.9286928	3.2927048	-0.1921032	11.120129	-11.420092	-1.8332175	-6.4733562	2.670525	-4.201982
162	3.3550391	-0.20722201	3.8272355	1.5305102	10.939379	-13.481364	-1.4835542	-7.0064125	1.9283353	-6.6303787
163	1.8209102	1.3474436	5.819173	2.2253573	3.7908547	-11.122642	-0.9680065	-6.424245	4.162617	-5.424744
164	3.286847	0.9085665	14.325834	2.3939533	0.9191065	-3.2024064	-8.162798	-10.133844	-5.655771	2.663984
165	-1.9449489	-3.1316237	0.9767587	-5.066009	2.6840453	-17.917938	-16.633276	3.8518736	7.089812	-13.948221
166	1.8787899	-4.546294	0.9142339	-0.08475679	8.926872	-9.991122	-0.9968666	-6.172122	2.1932406	-5.5139704
167	2.6202521	1.4213433	2.0632102	5.396292	4.4399734	-9.701352	-2.153936	-5.420168	-0.123275414	-5.1293635
168	3.5356464	-3.0243196	4.201024	-0.36421722	8.848614	-13.344844	-1.7967929	-7.3076677	0.6493026	-3.6391919
169	3.7522988	-0.18618634	5.995887	-0.32981128	5.5300956	-8.847247	-4.487712	-11.193649	3.666378	0.28719357
170	5.2994676	-1.4680328	3.0460312	1.1587255	8.959938	-12.498814	-3.7042747	-5.9610586	1.6397911	-5.2686234
171	4.6096206	-0.28425744	6.2405925	2.0618594	14.028434	-15.005984	-5.9465146	1.0310338	3.1102095	1.5253701
172	3.7271476	0.021916837	5.1267524	0.47878236	6.2950363	-13.379983	-0.71531856	-4.276408	3.5845442	-3.6668973
173	4.3129444	-0.29893926	3.9001372	-0.14609337	8.377624	-13.813798	-2.969285	-6.9844522	2.5933657	-3.761006
174	3.3552632	-3.1786194	2.9864533	1.0165851	8.488817	-13.647486	-3.8171053	-6.835827	1.499385	-4.0125732
175	-0.64872336	1.2012701	8.309168	3.206507	2.2649937	-10.477624	-1.4058608	-4.5091534	4.8519177	-7.4621053
176	-1.6947973	0.049440354	1.6126969	4.130171	6.5034885	-8.492852	-7.558633	-11.278681	3.4106226	-8.218163
177	4.4121037	-0.1452575	2.0762742	-0.23104206	8.214432	-9.303856	-3.317874	-8.140448	1.5847067	-3.633757
178	3.9605312	0.4053974	4.03797	0.21389073	7.3161106	-10.715255	-3.92421	-7.5986624	2.8421369	-5.156476
179	4.2750626	-1.1804724	3.9515316	-0.11069694	8.215212	-10.654183	-1.8356279	-7.6883674	1.8679005	-3.9551117
180	2.9005835	-1.4085431	4.4857144	-0.8083549	7.392996	-13.279362	-2.66826	-6.8143435	1.4099642	-7.0507536
181	4.2257667	1.7289443	4.599418	2.9772289	7.0912	-11.308347	-2.5273824	-7.6235514	4.7802963	-2.7169068
182	-0.31806377	-3.087296	9.905736	2.4093094	7.626566	-11.507156	0.39522228	-0.30360106	4.325542	-12.0196495
183	5.1965456	-0.35249904	1.6815174	0.98533505	9.494757	-6.6728916	-5.2107954	-8.223798	3.1264827	0.3745046
184	2.7589667	-4.1297007	3.018041	0.72769535	5.248273	-11.63022	-2.6851606	-7.1055975	2.5478263	-4.6559954
185	5.578165	0.5049331	6.3176646	-2.92111	0.2999816	-14.228765	-4.723627	-4.5526314	0.7648541	-0.8788569
186	3.3747776	-1.6827126	2.0886471	1.8192337	9.377441	-12.14566	-3.3395452	-4.8549643	1.9968926	-4.884256
187	3.0471764	-0.798779	4.7748075	-0.21899086	13.437874	-8.775902	-1.015745	-7.216552	3.3522344	1.1833217
188	2.6458921	0.18642709	5.0391793	0.3239954	10.078593	-9.899995	-3.1753225	-9.697676	0.73458207	-0.8943951
189	3.0364723	-1.816216	2.6956213	1.4066308	7.907832	-10.327922	-1.373588	-9.49966	-0.9728342	-3.5130894
190	1.3918109	-2.2594213	9.52126	1.2655363	15.12815	-14.459223	2.0110855	-4.488282	-4.786424	-0.312844
191	2.2670798	1.2467947	1.7367747	2.475114	8.171843	-11.613667	-5.4048734	-7.869214	2.605453	-4.370848
192	12.374822	-2.1954994	4.281166	3.672794	8.0560875	-7.3049526	-0.83252656	1.4407032	0.6882762	0.33021
193	14.327247	-0.7040802	5.499681	4.3068156	4.4330854	-3.5875816	-3.0558329	3.5763085	-0.47325885	-2.1558344
194	9.762331	-1.4572201	3.5509727	3.6336436	6.9545245	-8.162252	-1.375223	3.83656	2.7759843	-4.338401
195	9.723181	-5.2944074	2.2715318	5.238787	11.692854	1.5764221	-3.744686	2.78736	2.587479	1.949671
196	9.092348	-2.7245493	4.8224845	4.40556	-0.5278859	-7.9161468	-0.22299305	3.8684933	3.324573	-3.4453104
197	7.286247	-2.0834289	6.887107	-0.959577	9.077684	-6.5605235	-4.465395	1.016165	2.5224214	-3.049423
198	7.961263	-3.477396	5.019938	1.721317	7.9016943	-7.8543015	0.6082603	3.4565952	3.0818968	-4.8994927
199	10.630556	0.050118893	2.6024435	3.999911	5.3009086	-5.6122656	-1.0341276	2.27693	4.4488945	-4.845876
200	11.202477	-1.2306416	3.9912913	-0.14275104	6.6139793	-4.9739766	-4.067338	1.5003202	3.5159159	-5.6673737
201	6.549618	-8.552881	-6.1645923	12.556527	15.418484	1.7875284	-6.053703	7.8837852	20.172153	-4.5780716
202	14.062864	-3.722447	2.6801841	1.7612352	2.905536	-8.654198	-5.169437	3.4424732	-5.592463	0.5454304
203	11.934204	-1.0028317	2.016795	0.99207586	4.848683	-8.805727	-3.217433	4.317249	1.7297636	-5.012297
204	12.74408	-3.617073	3.2118046	0.2251268	9.689259	-6.9385653	-2.0208778	1.0738642	1.1696388	-3.1938732
205	9.330251	-2.298369	2.524235	1.1358218	6.6656322	-8.551707	-0.74826896	0.9654124	2.3571582	-5.4801645
206	14.332369	-2.9214456	2.2816541	-0.4936021	8.51779	-5.988018	-0.4919714	0.10110304	2.9219902	-0.5022056
207	11.514437	-2.411549	3.5381477	0.031202137	6.5655503	-7.142704	-4.5352607	2.0295475	3.691008	-3.344366
208	8.380491	-8.827667	13.073518	-0.7739355	4.5130677	-3.4351192	0.9044391	3.430094	8.021049	2.3788006
209	11.077265	-1.8951521	4.0136333	2.7320204	9.747149	-6.173383	-0.2568039	1.3494389	0.8356806	-4.575026
210	12.116953	-1.2584136	5.7848167	1.6230395	5.6301603	-5.9656954	-1.9588915	2.7022078	1.7952176	-2.4736898
211	9.123112	-6.3913927	5.591857	-4.782426	9.315602	-3.9360905	-4.5009623	1.8425124	0.28089178	-0.44180533
212	11.467579	-2.1026433	7.5867877	4.6998916	-0.99718523	-3.0957217	-2.5772467	2.42818	1.9441992	-2.4252946
213	12.058755	-2.6529298	2.4076502	2.3966525	2.3964276	-6.3168025	-4.9494915	2.4207613	0.4805256	-1.4849136
214	9.858347	-4.435623	4.621684	-2.174641	2.3858805	-5.4933014	-7.6973004	2.0485146	0.21623383	-2.109866
215	10.487378	-6.915467	3.7437541	-0.6427488	11.570646	5.6388264	-0.11236563	0.015337199	6.109169	-4.023448
216	13.487663	-4.1849275	9.35513	6.685617	10.176518	5.6262655	-0.6660837	-1.4069703	3.0052593	4.3706436
217	11.077656	-0.87518644	4.021292	2.7962909	10.573866	-1.0783701	-3.3646884	3.315362	-2.36287	-6.729119
218	10.202362	-3.9310029	2.9329422	1.1283107	4.643258	-8.87079	-1.8666571	-0.51266456	4.005082	-2.5199
219	11.421976	-3.990899	1.2131879	1.6724069	4.92149	-5.2299924	-3.2732015	3.0957315	4.0383887	-1.9901924
220	9.06621	-0.17592695	6.0407705	1.3465891	3.5807095	-7.016986	-4.1962748	3.3085778	1.6191877	-5.20744
221	11.674974	-4.093128	5.0253453	0.6681791	3.4139454	-5.233454	-1.8209747	2.7961113	0.3993007	-2.280294
222	13.400112	-0.8835962	6.155844	5.4515476	1.1608791	-1.6712422	-1.5672497	1.5101216	-1.5003315	-5.3984156
223	11.469845	-5.574927	4.04491	-1.5649977	5.162303	-7.7662582	-4.07743	4.416456	4.065282	-4.3244195
224	12.214621	-3.3025794	11.875193	3.9441578	1.9932938	-0.5327878	3.2446709	1.310013	5.0698614	-0.19501254
225	14.593754	-1.6947674	6.3836336	5.787722	1.4434023	-0.92188025	-2.527462	1.2686894	-0.71935976	-2.910425
226	9.888246	1.8300533	2.6733382	7.041855	10.090177	-9.760873	3.5784702	3.4230316	-0.12681212	-4.877605
227	6.7586384	-3.4218912	5.8607707	1.260155	5.7342663	-7.6069484	-6.383272	5.1465664	1.6362485	-4.0705457
228	11.982288	-1.7724967	5.1176124	6.8192234	4.8659563	-6.7167664	-1.5395063	4.615085	0.032192335	-1.9831834
229	7.633892	-1.5610442	6.831679	8.468367	-0.92985487	-8.269449	-3.7240639	3.6069443	1.9669944	-0.011621922
230	11.427001	-0.5304837	2.076544	6.7027116	5.0700145	-4.122266	-1.900447	2.9586952	5.3199058	-5.001515
231	12.876491	-6.2267904	5.5115476	0.14761657	5.750725	-1.6826539	-2.2967534	-0.3512037	-0.57539976	-1.8210242
232	13.911658	-5.9760923	6.8059096	2.8360956	4.379401	2.8960052	-2.9933946	-2.6246126	-0.9114195	2.0233054
233	12.226005	-2.7699072	9.064593	1.2637632	0.78016376	-4.0920343	-0.2711176	2.7503598	5.8773127	0.54360914
234	11.155201	-11.462181	4.875363	0.83506364	4.306414	-3.0278764	2.0146685	4.781945	-3.855763	-7.796667
235	9.461471	-0.8264055	4.2706532	4.419061	3.3816836	-6.9400854	-1.5505394	4.1667056	4.149769	-3.9129179
236	14.271133	-6.6053658	8.965191	-0.4083436	-0.1554606	-1.1697549	1.6315581	-1.26138	1.4883186	-0.35645506
237	11.903793	-4.446974	6.957474	-2.3675668	0.052810192	-2.1408277	-4.060696	0.9450772	6.330216	-7.3181124
238	10.225594	0.3083143	2.278025	5.8853855	6.267475	-4.8924685	-0.08132306	0.47770473	0.46249664	-5.7413154
239	11.149452	1.8362777	5.3958087	6.775105	2.383031	-8.376956	-0.3064603	3.6446517	3.4662604	-5.1432576
240	11.983403	-9.176708	4.5460534	-3.3841136	10.976965	3.7510824	-4.7280912	-3.3430717	0.9544524	0.45264366
241	10.623513	-2.7329183	2.9732783	1.2960644	11.076712	-8.691478	-3.9106388	3.160148	1.0114499	-2.9332592
242	9.624132	-3.6407323	2.8163254	2.3145692	6.190916	-7.9434996	-0.37801352	2.1415894	2.0392952	-3.0690033
243	9.702954	-3.2206917	3.7594655	0.19612461	7.8015018	-9.664833	-2.0877776	1.1231272	3.1674304	-4.785748
244	10.938692	-2.7174704	3.1131518	0.6057766	5.1573315	-7.3147664	-3.4027362	2.7581542	2.096509	-3.8856514
245	12.239584	-3.6536124	3.2661297	6.429	6.695346	-1.9486111	-4.4031715	1.7199044	-5.491102	0.8610407
246	11.503525	-3.6491067	1.3962123	0.7895188	3.7989645	-6.139484	0.30604848	1.1264532	-1.0910293	-4.540902
247	10.439809	-1.32282	2.878372	3.6233773	4.9572296	-3.014532	-4.656837	1.1017892	1.9015201	-1.6831796
248	8.904638	-5.640719	8.885654	-0.90804774	5.0363903	-2.4567657	-3.3076987	1.4399445	8.150886	2.884867
249	10.694841	-0.8679812	3.4971716	1.2670207	6.2079487	-7.9012094	-1.8730696	3.3862026	2.578712	-4.1706142
250	10.601776	-3.7899363	1.7995884	0.87626785	3.4267058	-2.200305	-2.738497	1.0435832	3.1123686	-4.726615
251	9.014414	-2.8176494	2.5504906	0.5869797	10.5944805	-4.6420784	-1.4956568	1.1535199	1.7635368	-4.355296
252	10.805288	-2.934975	3.8858712	5.2720776	6.128647	-6.4487267	1.3791941	3.9383605	1.7658192	-4.2528543
253	10.842282	-3.2450585	2.4312422	3.7638903	1.6339679	-5.264863	-4.1626506	3.2348754	-0.93338	-4.686958
254	9.071461	-2.4913216	3.606156	1.590723	7.576041	-8.772055	-3.5248656	2.5923398	2.3179326	-3.7678864
255	11.957368	-1.3097	2.4152706	2.8160505	6.7345533	-7.4859962	-0.46706668	1.1201131	1.0738739	-2.6907427
256	13.64911	-5.816869	-3.628588	18.231575	6.4675016	0.09056342	-16.92341	5.4373894	-4.018253	2.4833221
257	10.141203	-5.357724	1.9543211	-0.67044204	7.4010305	-4.8885384	-5.361755	4.0369387	2.66019	-5.2009883
258	11.609713	-3.0435767	1.9250195	0.05420202	8.5581875	-9.803813	0.22417077	1.4381945	3.2268195	-5.668641
259	10.493265	-2.6994684	9.1175165	2.5617967	0.13555408	-3.3226485	-2.450399	1.9618042	6.697807	-0.4821851
260	8.75556	-2.545196	10.452399	0.15274543	3.6198354	-4.753086	-12.022385	1.9423454	-4.2230873	-4.193994
261	10.602043	-2.2358088	0.48671082	-1.3518167	3.242064	-10.381505	-6.698674	6.5466695	4.6269717	-7.8315597
262	9.579557	-5.747448	1.7883198	-0.55085677	6.007042	-4.13667	-5.122342	1.5106933	4.254924	-5.700367
263	13.3869915	-0.5316577	2.5290558	9.135701	4.7168317	-1.4253331	-3.794416	2.456793	-2.2421365	-3.0150852
264	12.040743	-3.7512512	2.3571646	-0.21084398	7.276514	-7.6045475	-0.67635	1.7180831	-0.15608801	-4.174733
265	12.003159	-2.8371925	5.1108737	3.580982	3.9885108	-4.633996	-2.0097117	2.8783844	3.4796233	-0.93422055
266	9.999863	-0.75040936	3.3713715	1.7043414	11.221613	-4.121475	-4.5616117	2.8646019	0.8460046	-5.3635006
267	6.4613037	3.2986817	16.675987	1.4078333	13.858385	-13.615081	-12.13854	12.031042	11.137221	6.8121033
268	10.406345	-3.901939	4.0628533	0.40841383	7.062502	-8.592194	-0.370531	2.7991235	2.3202982	-6.019201
269	13.696169	-3.9364252	-0.8604431	-1.9453895	5.053116	-8.51954	-2.6838555	3.1269457	1.6851782	-3.8805468
270	12.472366	-3.3159485	0.21708515	0.6584987	3.5340788	-7.288808	-2.5231543	3.6972907	1.6200184	-6.426303
271	8.242842	-1.9782729	6.397713	-0.05990964	6.574128	-6.363021	-4.7241807	3.1095593	4.1040053	-4.58849
272	9.372444	-0.972121	2.9190862	0.8394999	5.6754556	-5.472643	-5.2295685	4.0311055	2.5518172	-5.920442
273	13.969505	-2.610711	5.543736	3.7456605	3.5139053	-2.308164	0.461742	-0.49677923	-1.5045692	-1.7917993
274	9.569522	-1.8297591	1.80953	2.4360852	6.140058	-5.9117694	-0.96451414	1.4017894	4.319396	-6.4329095
275	12.324055	-2.8028064	9.05392	2.731097	0.04754305	-1.8310508	-2.9690704	1.075834	-2.568717	-3.6577027
276	11.706511	-1.8585315	2.8376029	-1.6889863	6.766424	-6.7832475	-2.8515725	2.6543152	4.2972827	-5.2284765
277	12.286768	-1.9165295	15.556109	8.477722	13.879307	7.162944	1.9401711	-0.54226565	10.911191	2.5930655
278	4.057998	-4.029623	22.623018	5.197884	3.2093534	-2.2954912	4.1838284	12.619179	6.5131373	-35.911144
279	11.60614	-4.750623	3.9770334	1.2621932	12.018689	1.6434244	-9.828864	-1.2563827	4.0631275	5.7616663
280	9.799915	-3.783216	2.6901205	1.4517107	3.9208946	-6.501563	-2.81666	2.714125	2.1020775	-4.1063437
281	9.669035	-3.3665495	7.045488	2.8366497	-2.515711	-9.69066	-4.9448624	2.0355666	-0.74822414	-0.26307914
282	12.124954	-2.055522	3.4317229	1.4382057	3.2141373	-5.675215	-2.6319613	2.1181033	2.235714	-6.217194
283	7.163847	-6.033426	3.4461753	2.795079	15.431084	5.154602	1.1729847	0.12587807	13.972197	-0.6488178
284	13.076099	-5.2678227	8.014849	-0.7475386	5.423683	-3.5908852	-5.422495	2.378238	-3.048099	1.3422263
285	10.40498	-2.6703181	2.035086	2.469186	4.673088	-7.885017	-0.57521474	3.4355166	3.3346906	-4.65036
286	12.023779	-2.4464011	1.7669713	0.8880767	9.755396	-6.350605	-2.337593	2.8364537	0.83182085	-4.0016522
287	12.34715	-3.510779	3.392345	0.5707746	5.4364243	-4.9910135	-5.3226504	2.89726	0.54619443	-0.19845018
288	8.280227	-1.9579797	0.7634771	4.542686	4.557309	-3.5910692	-0.084394366	-8.781053	-0.8524293	-3.7887628
289	9.77888	0.59946823	-0.72996354	1.4957094	2.1524591	-0.60576904	-2.8318	-8.500244	3.3323698	-8.459129
290	8.453067	1.316186	0.29538134	7.598598	4.620116	-0.6124184	-2.1345043	-8.039661	2.893739	-3.481951
291	7.659153	-2.5670795	-0.16869518	1.4391754	6.0606966	-1.4149966	-3.348319	-4.375229	3.133696	-4.2935057
292	9.341709	-3.864406	-2.9479768	0.700242	1.4716051	-6.8107653	0.03491077	-6.1979566	2.7998083	-2.908681
293	3.360897	-1.4421315	7.375561	1.529485	5.3131967	-1.5257646	-3.015645	-15.856224	7.152696	-5.583295
294	4.637736	-4.665805	-0.8900602	1.754241	7.5918474	-6.1521244	-0.87737453	-8.22993	6.2666	-2.1917918
295	7.4765377	0.79384947	0.03212765	6.4220176	0.53521466	-5.1472864	0.98333514	-7.977284	4.0701666	-8.742157
296	8.302873	-0.70006466	0.0720866	2.9954345	2.581856	-3.8203192	-2.5539026	-6.350503	3.2255783	-6.8299413
297	7.181728	-1.4553719	-3.6844318	6.8887773	2.229384	-3.4365873	-2.3011365	-4.417033	9.154932	-6.467479
298	10.877571	-2.868122	-1.2557447	2.571637	1.8278835	-3.5827222	-3.2484899	-4.4176135	-1.3243879	-5.9728637
299	9.190323	-1.1414695	0.17246464	-1.323528	1.4843235	-4.5376453	-3.6577675	-5.65462	1.8920509	-9.198444
300	7.641277	-2.0953398	-1.5680583	0.1539213	5.537504	-4.2586226	-3.1873465	-7.5672493	1.1105944	-8.917342
301	9.215141	-0.032873183	1.8033507	1.1003683	1.3283958	-4.8583403	-3.201963	-6.9734435	3.5125747	-6.893035
302	11.74375	-1.5474362	-0.12923548	0.07901794	5.3797193	-0.77406585	-2.9739828	-6.8101306	2.0410416	-5.998503
303	9.587335	-0.24579337	-1.5787709	4.7290826	1.3786321	-2.7288218	-3.4037662	-7.635415	1.8735543	-3.497184
304	5.1811466	-4.7596807	12.770275	0.9003205	-0.6154895	2.949152	-7.402154	-12.422005	5.0748954	-2.0678318
305	9.124476	-2.8729186	1.8484871	1.2271476	5.8447247	-4.7246723	-1.7598351	-7.7374496	0.72574365	-4.6924706
306	6.7902365	0.39835164	2.3198307	2.823336	0.24170136	-4.002821	-2.4772956	-6.7884836	6.189918	-5.01616
307	6.001397	-6.511243	1.9771345	-6.43062	4.3290625	0.17894876	-4.868388	-11.22773	1.6440402	-8.336709
308	8.983475	-2.2832823	2.8364446	4.7648754	-1.2774005	-2.8831916	-0.4127263	-7.5482144	2.5963004	-5.1259937
309	9.115372	2.1736188	1.1129639	9.127388	-1.7478561	-3.8453984	-4.4309626	-9.292032	2.8486404	-2.3929183
310	6.6128426	-7.833228	3.0854366	-1.5399122	0.6860337	-2.6299024	-8.509197	-6.874999	-1.5066587	-3.899539
311	8.235467	-8.893134	-0.29693267	-6.1606874	6.3889284	1.5212091	-0.052295595	-8.190915	1.7936994	-12.434802
312	11.824861	-2.6432874	3.2318108	2.8134854	3.3397427	1.1704752	-3.5141802	-8.139942	2.1474035	0.66255856
313	-0.58957267	-7.2973366	7.994994	19.705944	41.809776	27.741232	-1.3334135	-12.301803	-11.486465	-14.989015
314	9.300724	-2.2116604	1.1745617	3.6951368	0.038921356	-3.146402	-1.4456457	-7.0912266	2.0537288	-5.425061
315	11.3642845	-0.8247342	2.843732	2.7685213	2.778185	3.7434764	-3.9651318	-12.408689	8.908646	2.1952982
316	7.0106544	0.024181336	5.6328273	3.55223	-0.98315954	-0.4774052	-6.696858	-9.192447	2.2807446	-7.1107173
317	6.7917347	-1.512603	6.8517714	2.173245	-2.042028	-0.5103184	-4.5329027	-7.854722	4.786261	-5.3222523
318	9.772333	0.16747996	2.1043875	3.440664	-0.76345086	-3.8893795	-0.18927279	-6.5453787	3.3310125	-6.569149
319	7.903582	-3.0224113	-0.7007711	1.071845	4.9748874	-2.7296705	-3.6047916	-9.534197	5.0377026	-3.3929489
320	5.892453	-0.19032958	3.4668171	5.611274	1.2671437	-1.2245559	-0.09255114	-9.653072	2.7510605	-7.8583355
321	11.807036	0.99044657	4.6617937	6.4244184	-0.6857598	0.0418638	-0.82187784	-6.964387	-0.66152775	-7.0935373
322	5.8050427	3.532846	0.6940701	10.4604845	6.354039	-6.2653894	3.366294	-6.4713364	5.8869824	-8.78657
323	7.5991893	2.2325234	1.4798391	6.3002276	-0.88675714	-4.9694743	-0.73215663	-8.2818985	4.2368336	-7.885641
324	8.3850155	-0.40392306	1.2079508	7.7137284	-1.6419256	-1.4777427	-1.4586533	-6.323966	4.46751	-6.5574145
325	5.1361794	0.5822978	1.6820529	6.7838974	-1.2718685	-5.125759	-6.5437474	-7.882858	9.418107	-5.1442914
326	9.739113	0.8397083	1.44644	6.810226	0.016831875	-2.826674	0.30481014	-5.727811	3.6875374	-8.3380165
327	11.553679	-3.9747531	6.516938	4.77673	-0.5056069	4.637625	0.9659692	-9.492195	7.063207	-3.4262662
328	11.220097	-5.8108435	7.4595785	-0.19879502	-3.16175	3.244061	-4.0729	-11.04648	-0.6421453	-5.596918
329	8.783265	-0.77492356	1.5585358	1.7078116	1.1621411	-3.5353384	-2.904891	-6.3499627	5.365367	-1.5396502
330	3.7706475	-14.105067	4.8833427	0.35278332	-0.62093544	-0.18577683	-6.2617345	-4.8414087	-4.7185874	-16.79274
331	8.268837	1.3015542	0.8294308	5.786798	1.3608336	-2.5513349	0.15488014	-5.5405064	2.774749	-9.032983
332	13.322552	-7.419711	7.9059186	0.48631185	-3.4044065	4.4963245	2.1901574	-9.321265	1.7168754	-5.06174
333	10.870055	-1.277245	2.4626257	-0.7118408	0.5653753	-1.6801665	-1.0400771	-5.77528	5.2155485	-9.29618
334	9.483992	2.016726	0.27104405	3.9933023	3.7958975	-4.7160063	-1.6318253	-7.268066	-0.3214327	-8.267835
335	9.124528	-1.5053682	-0.317126	6.3784575	-0.2612288	-3.8501215	-0.5786513	-6.3248625	2.3179944	-6.8898354
336	10.62417	-5.4790473	0.9876821	-1.2763832	7.208715	-0.37655938	-3.2001977	-7.913047	1.4305121	-2.7522914
337	6.2838125	-4.116786	3.1655357	1.1576865	2.1420364	-1.9990748	-8.037552	-6.0848646	1.8855625	-4.9686418
338	8.102651	-3.6733642	-0.37711498	4.2217965	1.2753456	-4.513653	-0.98949754	-7.5484657	1.5305661	-4.6344886
339	8.220366	-2.601327	1.177738	0.37568933	6.451436	-5.479315	-3.0589347	-6.0696125	4.1278057	-5.708036
340	8.653747	-0.7595954	0.8992574	1.2132986	4.260427	-3.0063267	-1.9664644	-7.11481	3.353714	-6.83688
341	9.037909	1.626401	-1.6172688	7.0111904	2.8381734	-3.8778863	-3.8805332	-6.5710993	0.28050625	-6.310312
342	7.1329737	-2.2171159	-0.6684778	1.693553	4.0065374	-4.1752896	-1.559884	-7.042899	3.3661432	-5.3286667
343	5.4753075	-4.8971214	1.000818	-1.6046014	2.132111	-6.856375	-7.5911837	-5.7350216	5.101491	-4.325471
344	4.040999	-10.89843	6.7620325	-4.8198214	-0.4090085	1.2997588	-11.721348	-7.654187	11.186799	-5.425553
345	7.7860203	0.21499392	3.515793	4.6127605	1.5683975	-2.6248698	-1.087447	-8.554631	1.4845251	-6.9165254
346	9.414743	-4.0102797	2.94255	0.9064265	0.36046457	2.7940779	-1.3509606	-7.708192	2.7995522	-5.660425
347	4.911004	-1.2255683	-0.69071937	3.2005165	7.8819423	-5.455143	1.3470122	-7.367657	6.0863853	-8.552325
348	8.179408	-0.8806057	2.5016963	7.0349326	-0.55606747	-3.6496348	0.9432255	-6.4755054	0.86765325	-4.8799453
349	8.495149	-2.284522	-2.703468	2.3285058	3.4125597	-5.0209975	-7.4025073	-11.809558	-4.6766877	-2.6912827
350	7.361621	-2.1175332	0.3463123	3.3575492	6.411897	-4.1895185	-2.9184036	-8.155849	2.167026	-4.1374702
351	9.215881	-1.6071258	1.4745243	3.2025087	4.3965745	-3.305643	-1.3283299	-7.780913	3.6783574	-3.790962
352	9.52619	-2.6379423	-3.5441453	12.698057	2.0286593	-4.9169664	-12.324964	-3.2762144	-1.8200988	0.48417786
353	7.613466	-5.889687	-1.877733	-2.4666967	4.7428703	-2.9754372	-4.8602347	-6.117312	2.395038	-6.213614
354	10.053882	-1.8676257	2.094475	-0.040696204	3.8953097	-2.1447868	-1.4816874	-7.6249847	2.3077393	-7.250266
355	8.138751	0.9250045	5.333208	6.0303984	-3.0414066	-2.5424294	-1.1681184	-7.9065256	4.6064863	-7.3855934
356	9.15403	0.39271066	6.3931537	1.7264147	0.2870679	1.8623914	-9.089905	-11.0428505	-0.9568232	-2.9837868
357	5.047475	-0.89874244	-1.7466745	-1.8507161	2.7067287	-6.2333984	-7.358764	-4.42146	3.4815588	-12.495852
358	9.445913	-15.190863	-4.9396777	0.0137658715	4.556949	7.757962	-2.2719245	-8.358356	14.405514	-12.526347
359	11.569141	1.8464737	2.2054904	8.526461	1.8671515	-3.0261621	-0.24115649	-4.7100096	-0.45946157	-5.2873745
360	10.859834	-3.620059	0.20324352	-1.5600269	3.848594	-5.912379	-1.2191557	-7.685197	0.27766645	-2.9588454
361	13.304044	-4.627577	8.154399	7.2479568	4.5403814	8.277686	-3.1951742	-14.739883	6.839421	7.791401
362	9.668318	-0.7990122	-1.4667428	1.3791173	6.836297	-3.9955282	-3.6763153	-5.710425	0.3920399	-6.634293
363	7.5808353	2.123449	6.3450384	0.35310793	9.912912	-7.568922	-11.226225	2.5821817	5.1651263	1.5343978
364	12.133027	0.72257495	4.5305433	4.73161	-1.1247551	0.6688895	-2.5116234	-7.6378975	4.3556128	-6.8643684
365	10.512399	0.4066138	3.8542516	2.6917386	-1.4580503	-0.40716064	-0.12677947	-7.0318666	5.4424634	-8.208093
366	8.0951	-3.1747813	-1.1859214	-0.22385484	-0.034843445	-6.2189364	-8.591926	-6.384913	0.6611546	-6.096328
367	7.366673	-0.5684614	2.2053616	0.19198841	5.452066	-3.0139732	-3.849422	-8.687617	2.6358595	-7.8269424
368	0.25764266	-2.6090865	-6.3239093	17.987175	5.5718	7.4114466	-34.631218	-2.9462879	8.635598	-23.486954
369	10.816018	-3.123939	1.5017283	0.46040314	0.7877445	-2.0389957	-2.9629712	-9.933983	-1.3185831	-4.0832953
370	7.514903	-0.7996192	-1.1323035	3.9543245	2.4682624	-4.942418	-1.7926377	-7.128175	3.378335	-8.978199
371	9.967847	-2.3112793	-0.9682386	3.5118876	4.399069	-2.1108568	-1.6537231	-6.9032707	0.0033994764	-6.284545
372	8.526402	-0.28323796	-1.0459495	-0.9105862	2.7255478	-3.4372978	-4.6899605	-5.5221777	3.7859507	-9.507002
373	10.273905	0.9706063	4.856508	5.975947	0.13479233	-1.7699195	-1.9792088	-6.707823	8.550546	-1.6248677
374	4.096299	-5.393012	11.860707	0.64876145	1.1041956	-1.9579059	1.4543754	-1.8636835	11.674359	-19.96058
375	11.517003	-1.6372752	0.004398614	6.1329436	8.455995	7.575001	-6.6879754	-12.076458	11.07841	3.7241323
376	7.037792	-8.1399555	2.0350664	-0.365992	-1.190829	-4.8871727	-1.8440818	-7.5886674	1.6912082	-5.0886707
377	12.050745	0.41154906	1.6832821	1.999711	-1.8512056	-5.274845	-6.181396	-4.084251	3.385129	-4.6832914
378	9.3853245	-1.8277173	0.9888861	1.1293046	3.1611614	-3.413971	-1.9178966	-8.402933	2.7838256	-5.7519765
379	9.767423	-2.2671423	-0.7757318	-0.24673516	14.028266	-0.115954995	2.9297628	-6.677927	9.471418	-3.9546106
380	11.300605	-5.4205904	-0.4021332	1.9869826	3.0534697	4.5559936	-6.546544	-10.3200245	0.8752668	-1.0368423
381	8.788191	-3.2253857	-3.1047566	1.7691774	0.8174882	-2.2377448	-2.643073	-9.278739	1.2490536	-8.525888
382	6.0441895	-2.997789	3.1729167	0.9166532	9.870464	-6.1584544	-2.5416627	-7.6453447	0.87360346	-6.512371
383	11.303298	-0.51547766	-0.3700144	4.372417	1.8035269	0.3850633	-4.4993978	-6.8712244	1.8179592	-5.258403
