5.816779613494873047e+00 3.610499858856201172e+00
2.347532749176025391e+00 8.447216987609863281e+00
5.401198863983154297e+00 7.016473770141601562e+00
6.029016971588134766e+00 5.817173004150390625e+00
8.101498603820800781e+00 1.858877182006835938e+01
6.936231613159179688e+00 1.266175937652587891e+01
6.502535820007324219e+00 2.285359191894531250e+01
6.196057796478271484e+00 1.555497741699218750e+01
8.307892799377441406e+00 1.608125686645507812e+01
5.908923149108886719e-01 1.226866364479064941e+00
7.336161136627197266e+00 2.916948080062866211e+00
4.881419658660888672e+00 4.656118869781494141e+00
6.536521911621093750e+00 9.233142852783203125e+00
1.477710819244384766e+01 1.588899517059326172e+01
1.121207141876220703e+01 1.570713806152343750e+01
9.992939949035644531e+00 1.375461483001708984e+01
2.969713687896728516e+00 6.483361721038818359e-01
1.257450485229492188e+01 1.634607315063476562e+01
7.091834068298339844e+00 8.775170326232910156e+00
4.517138957977294922e+00 2.150864028930664062e+01
5.215703487396240234e+00 1.595533752441406250e+01
1.392130661010742188e+01 1.518392658233642578e+01
1.644284629821777344e+01 6.882405281066894531e+00
-3.992742776870727539e+00 -3.253640234470367432e-01
-6.871521949768066406e+00 -7.736969947814941406e+00
-5.436780929565429688e+00 -4.297540664672851562e+00
6.109117031097412109e+00 7.646324157714843750e+00
1.562084794044494629e+00 -1.098300266265869141e+01
2.154537010192871094e+01 8.203403472900390625e+00
1.838333702087402344e+01 9.383853912353515625e+00
4.559821128845214844e+00 7.212845802307128906e+00
1.927812576293945312e+01 1.122916030883789062e+01
4.635370731353759766e+00 2.099764442443847656e+01
2.443383216857910156e+00 7.464371204376220703e+00
6.183035850524902344e+00 1.894201660156250000e+01
8.692357063293457031e+00 1.269334983825683594e+01
2.518185377120971680e+00 6.717180252075195312e+00
1.013270378112792969e+01 2.557091903686523438e+01
6.344094276428222656e+00 1.583989143371582031e+01
-3.429651260375976562e+00 -9.462195038795471191e-01
-7.408634662628173828e+00 -5.944972038269042969e+00
7.363816738128662109e+00 1.676965522766113281e+01
3.885756731033325195e-01 1.108450603485107422e+01
4.544940471649169922e+00 1.722570419311523438e+01
-1.419186592102050781e+01 3.492136597633361816e-01
4.659041881561279297e+00 1.479576110839843750e+01
9.073015213012695312e+00 1.868374633789062500e+01
3.082876443862915039e+00 8.325303077697753906e+00
3.526539564132690430e+00 7.902785778045654297e+00
1.399737930297851562e+01 9.225616455078125000e+00
9.587517738342285156e+00 8.167359352111816406e+00
1.428702259063720703e+01 1.662071800231933594e+01
8.705205917358398438e+00 1.193940639495849609e+01
1.635062217712402344e+01 1.334856605529785156e+01
7.270552635192871094e+00 1.858974266052246094e+01
9.526000976562500000e+00 2.438064193725585938e+01
2.306568908691406250e+01 5.185247421264648438e+00
4.435113906860351562e+00 8.432285308837890625e+00
-5.048645973205566406e+00 -6.438376426696777344e+00
6.320365905761718750e+00 2.169763946533203125e+01
1.513022661209106445e+00 9.610582351684570312e+00
1.884812164306640625e+01 4.664463520050048828e+00
7.248371124267578125e+00 1.024974727630615234e+01
6.473476886749267578e+00 9.860309600830078125e+00
2.221514129638671875e+01 6.534109115600585938e+00
7.191851615905761719e+00 1.125589942932128906e+01
9.153968811035156250e+00 1.659976196289062500e+01
5.181088447570800781e+00 8.921489715576171875e+00
-6.949938774108886719e+00 -5.616961002349853516e+00
1.817918014526367188e+01 2.023625564575195312e+01
1.486375808715820312e+00 9.440198540687561035e-02
4.154217720031738281e+00 5.198051452636718750e+00
9.450769424438476562e+00 1.925816535949707031e+01
-2.921784400939941406e+00 -8.781228065490722656e+00
4.920357704162597656e+00 5.539475440979003906e+00
1.894793128967285156e+01 1.973401069641113281e+01
5.381293296813964844e+00 1.656440734863281250e+01
4.502521038055419922e+00 1.430221176147460938e+01
1.772505950927734375e+01 6.676960945129394531e+00
1.154446029663085938e+01 2.182693099975585938e+01
2.279843902587890625e+01 7.857247829437255859e+00
1.052048301696777344e+01 1.497596549987792969e+01
9.165327072143554688e+00 1.581472110748291016e+01
5.989418506622314453e+00 3.601747751235961914e+00
1.147180271148681641e+01 1.482402038574218750e+01
5.685555934906005859e-01 1.198588132858276367e+00
3.736108541488647461e+00 2.306179428100585938e+01
1.495661616325378418e+00 -1.048190498352050781e+01
6.910504341125488281e+00 6.725931644439697266e+00
1.838895034790039062e+01 1.651264190673828125e+01
6.926766872406005859e+00 1.489255237579345703e+01
-2.045388698577880859e+00 -1.589461326599121094e+00
1.433906650543212891e+01 5.444369316101074219e+00
1.194075965881347656e+01 8.954151153564453125e+00
1.105374431610107422e+01 2.027943611145019531e+01
3.411470413208007812e+00 9.469627380371093750e+00
1.517353630065917969e+01 8.324994087219238281e+00
1.069390010833740234e+01 9.648453712463378906e+00
1.701183128356933594e+01 1.260496330261230469e+01
1.361927795410156250e+01 7.338027477264404297e+00
1.065856266021728516e+01 1.999748992919921875e+01
5.668217658996582031e+00 -9.747191429138183594e+00
1.249391078948974609e+01 2.206631469726562500e+01
1.503756713867187500e+01 1.047365760803222656e+01
1.770403671264648438e+01 8.254047393798828125e+00
1.985803222656250000e+01 1.253648281097412109e+01
1.551879596710205078e+01 6.654895305633544922e+00
1.485740852355957031e+01 6.946245193481445312e+00
1.432710838317871094e+01 1.882590103149414062e+01
1.603355026245117188e+01 1.960470390319824219e+01
1.603576660156250000e+01 1.699820899963378906e+01
1.365672683715820312e+01 9.873391151428222656e+00
2.368538093566894531e+01 7.116916656494140625e+00
1.343222332000732422e+01 1.648635673522949219e+01
1.406579875946044922e+01 1.276815700531005859e+01
2.215766525268554688e+01 1.050756072998046875e+01
7.027619838714599609e+00 1.238721561431884766e+01
2.085949134826660156e+01 6.443236351013183594e+00
1.886480903625488281e+01 5.064815998077392578e+00
8.009825706481933594e+00 6.742352962493896484e+00
1.421040916442871094e+01 7.802803039550781250e+00
1.094701766967773438e+01 5.066768646240234375e+00
1.408887290954589844e+01 1.134714508056640625e+01
1.829357528686523438e+01 1.074954891204833984e+01
1.794705772399902344e+01 8.682365417480468750e+00
1.583801841735839844e+01 1.178007793426513672e+01
7.888585090637207031e+00 9.032617568969726562e+00
1.693361091613769531e+01 1.467512989044189453e+01
8.885516166687011719e+00 2.273603820800781250e+01
9.295398712158203125e+00 9.234582901000976562e+00
5.608415126800537109e+00 2.169189834594726562e+01
9.155440330505371094e+00 2.253594398498535156e+01
1.468584346771240234e+01 9.186603546142578125e+00
1.023374652862548828e+01 2.564356613159179688e+01
1.075175380706787109e+01 1.158207607269287109e+01
1.015358829498291016e+01 1.614529991149902344e+01
1.107440376281738281e+01 6.119805812835693359e+00
1.609842300415039062e+01 2.082138824462890625e+01
1.027816295623779297e+00 1.248995304107666016e+01
9.836285591125488281e+00 1.074582195281982422e+01
1.151802349090576172e+01 1.647027397155761719e+01
1.552575969696044922e+01 1.271600437164306641e+01
1.508441925048828125e+00 1.268224716186523438e+01
1.713601875305175781e+01 7.144160747528076172e+00
1.325172615051269531e+01 1.260318756103515625e+01
1.613417816162109375e+01 1.609810256958007812e+01
1.902501487731933594e+01 8.083987236022949219e+00
1.747712898254394531e+01 1.717558670043945312e+01
1.303392791748046875e+01 1.168155288696289062e+01
1.523177623748779297e+01 1.961411857604980469e+01
1.129610443115234375e+01 1.254433822631835938e+01
1.207818698883056641e+01 2.248955345153808594e+01
2.176525306701660156e+01 9.893959045410156250e+00
1.084629344940185547e+01 1.722251701354980469e+01
1.350507164001464844e+01 5.167448520660400391e+00
5.636267662048339844e+00 2.236108016967773438e+01
1.054325771331787109e+01 1.098351478576660156e+01
1.938893318176269531e+01 4.645510196685791016e+00
1.505558395385742188e+01 1.692054176330566406e+01
1.378519535064697266e+01 1.573282814025878906e+01
2.060889053344726562e+01 6.486366748809814453e+00
1.237317657470703125e+01 1.381753158569335938e+01
1.398130321502685547e+01 1.937648010253906250e+01
7.819286823272705078e+00 1.341143894195556641e+01
3.383829593658447266e+00 -6.471647262573242188e+00
2.288897132873535156e+01 5.017343521118164062e+00
9.027308464050292969e+00 1.135423374176025391e+01
1.150386905670166016e+01 7.603574275970458984e+00
1.468515682220458984e+01 2.001188850402832031e+01
1.872819137573242188e+01 1.111822128295898438e+01
1.559525585174560547e+01 1.568945407867431641e+01
1.869040107727050781e+01 1.837560272216796875e+01
1.262708282470703125e+01 1.932304573059082031e+01
1.606884384155273438e+01 1.764587783813476562e+01
1.659161567687988281e+01 1.880588912963867188e+01
8.416482925415039062e+00 2.370371437072753906e+01
2.202631759643554688e+01 8.693197250366210938e+00
1.346087169647216797e+01 6.313110351562500000e+00
1.690924263000488281e+01 1.150389766693115234e+01
1.231749439239501953e+01 1.074066066741943359e+01
1.546608638763427734e+01 1.929758453369140625e+01
1.767322158813476562e+01 1.332995700836181641e+01
7.615713119506835938e+00 2.292641830444335938e+01
1.545200943946838379e+00 -1.194432926177978516e+01
1.474658489227294922e+01 1.200906181335449219e+01
1.803256034851074219e+01 1.745621490478515625e+01
1.557104301452636719e+01 1.359353446960449219e+01
6.614488124847412109e+00 1.118955516815185547e+01
1.308528137207031250e+01 7.797419548034667969e+00
1.084035015106201172e+01 8.163139343261718750e+00
6.369698047637939453e-01 1.271360492706298828e+01
1.895996284484863281e+01 9.172782897949218750e+00
-1.423805141448974609e+01 -3.436424732208251953e+00
-7.092118740081787109e+00 -2.495676803588867188e+01
-1.106822204589843750e+01 -7.091318964958190918e-01
-1.259234619140625000e+01 -1.838738059997558594e+01
-1.010152244567871094e+01 5.888430029153823853e-02
-2.666146121919155121e-02 -1.271144008636474609e+01
-9.086841583251953125e+00 5.718384981155395508e-01
-1.341901969909667969e+01 -8.580748558044433594e+00
-1.610904121398925781e+01 -8.821743965148925781e+00
-1.976961326599121094e+01 -1.658878707885742188e+01
-3.389876365661621094e+00 -2.291657638549804688e+01
-1.684537506103515625e+01 -4.295318126678466797e+00
-1.497232246398925781e+01 -4.116050720214843750e+00
-1.087204170227050781e+01 7.568506896495819092e-02
-1.570249366760253906e+01 -2.443300962448120117e+00
-1.736035156250000000e+01 -7.213921546936035156e+00
-2.135610342025756836e+00 -5.546636581420898438e+00
-1.270156860351562500e+01 -4.056610107421875000e+00
-1.471148395538330078e+01 -5.436176300048828125e+00
-4.064532756805419922e+00 -1.760699844360351562e+01
-1.150177288055419922e+01 -1.467560386657714844e+01
-3.365680694580078125e+00 -2.015131568908691406e+01
-9.464907050132751465e-01 -1.772522163391113281e+01
-1.650106239318847656e+01 -1.839458274841308594e+01
-1.564384841918945312e+01 -1.948613929748535156e+01
-6.905442714691162109e+00 -2.277516174316406250e+01
-1.157301330566406250e+01 -1.416203498840332031e+00
-1.565934848785400391e+01 -8.459134101867675781e+00
-1.080375909805297852e+00 -1.381120777130126953e+01
-1.336158561706542969e+01 -5.569470882415771484e+00
-8.314366340637207031e+00 -2.412762260437011719e+01
-1.743852615356445312e+01 -6.775389671325683594e+00
-1.488533115386962891e+01 -1.495521545410156250e+01
-7.877639770507812500e+00 -2.455454444885253906e+01
-1.162595462799072266e+01 2.808449745178222656e+00
1.479519486427307129e+00 -1.317585182189941406e+01
-1.372857379913330078e+01 -4.369055747985839844e+00
1.554151326417922974e-01 -1.370623397827148438e+01
-1.436307525634765625e+01 -1.043308067321777344e+01
-8.023498535156250000e+00 -2.361005592346191406e+01
-1.227569580078125000e+01 -2.180653572082519531e+01
-1.386301612854003906e+01 -1.062044334411621094e+01
-9.711773872375488281e+00 -2.598873329162597656e+01
-9.841774940490722656e+00 -1.965954661369323730e+00
-1.051068115234375000e+01 -2.442642402648925781e+01
-1.502985191345214844e+01 -1.204906082153320312e+01
-1.112523555755615234e+01 -6.186831474304199219e+00
-1.256411266326904297e+01 -1.937760114669799805e-01
-1.246459484100341797e+01 -2.036444282531738281e+01
-1.757803916931152344e+01 -4.656785011291503906e+00
-1.100626277923583984e+01 4.585628807544708252e-01
-1.116996192932128906e+01 -1.573171257972717285e+00
-1.656323432922363281e+01 -5.486228942871093750e+00
-5.503356933593750000e+00 -2.372751426696777344e+01
-1.198907375335693359e+01 -4.486563205718994141e+00
-5.436579704284667969e+00 -1.638152885437011719e+01
-2.318052053451538086e+00 -7.186449050903320312e+00
-1.244061565399169922e+01 -1.533713340759277344e+00
-1.104136085510253906e+01 -1.505848217010498047e+01
-8.949225425720214844e+00 -9.217449188232421875e+00
-1.395201015472412109e+01 -7.917504906654357910e-01
-4.484672069549560547e+00 -2.005157661437988281e+01
-9.533343464136123657e-02 -1.429809856414794922e+01
-1.389554405212402344e+01 -2.776394128799438477e+00
7.736212015151977539e-01 -2.077210426330566406e+01
-3.198159933090209961e+00 -1.528537273406982422e+01
-1.274206256866455078e+01 7.830789089202880859e-01
-1.425106334686279297e+01 -1.187881946563720703e+01
2.056954056024551392e-01 -1.980306816101074219e+01
-1.889050483703613281e+01 -6.539299488067626953e+00
-3.988890647888183594e+00 -1.394943332672119141e+01
-6.729657649993896484e+00 -2.394747924804687500e+01
-1.350530624389648438e+01 -3.485355138778686523e+00
-1.471514129638671875e+01 -8.545260429382324219e+00
-4.075540065765380859e+00 -1.704777526855468750e+01
2.215875244140625000e+01 2.950917959213256836e+00
-1.183298969268798828e+01 2.604239284992218018e-01
-1.623225021362304688e+01 -3.586840867996215820e+00
-1.556499099731445312e+01 -4.488075256347656250e+00
-8.830264210700988770e-01 -1.210447311401367188e+01
-2.705390691757202148e+00 -1.485892486572265625e+01
-9.370311737060546875e+00 -2.471804809570312500e+01
-9.438514709472656250e+00 -2.793874979019165039e+00
-6.891900062561035156e+00 -2.338737487792968750e+01
-1.631227684020996094e+01 -7.288062572479248047e+00
-1.755537796020507812e+01 -1.729067420959472656e+01
-1.908865809440612793e+00 -2.432114362716674805e+00
-1.048474216461181641e+01 -1.974789619445800781e+01
-2.169739961624145508e+00 -1.301825046539306641e+01
1.422928214073181152e+00 -1.572862052917480469e+01
-1.501583194732666016e+01 -6.212384223937988281e+00
-1.854085540771484375e+01 -1.669130706787109375e+01
-4.964159011840820312e+00 -2.317356109619140625e+01
-1.179987430572509766e+01 -4.728124141693115234e-01
-1.442211818695068359e+01 -4.890803337097167969e+00
-3.492674112319946289e+00 -2.001518249511718750e+01
-8.465171813964843750e+00 -6.944141864776611328e+00
-1.093230915069580078e+01 -1.629547500610351562e+01
-9.830077171325683594e+00 -1.556151580810546875e+01
-8.595726013183593750e+00 -1.554655361175537109e+01
-9.792416572570800781e+00 -5.188924074172973633e-01
-9.134281277656555176e-01 -8.257665634155273438e+00
-4.328570067882537842e-01 -8.451826572418212891e-01
-4.258007049560546875e+00 -1.651389837265014648e+00
-6.853150844573974609e+00 -1.216085624694824219e+01
-1.689123868942260742e+00 -6.821531772613525391e+00
-6.051168918609619141e+00 -2.149321746826171875e+01
-4.358519554138183594e+00 -1.563033580780029297e+01
-6.393556594848632812e+00 -1.061677074432373047e+01
-4.196561813354492188e+00 -1.239002799987792969e+01
-1.157503795623779297e+01 -1.750692367553710938e+01
-6.908775806427001953e+00 -1.561237335205078125e+01
-8.681671142578125000e+00 -1.822254943847656250e+01
-9.517475128173828125e+00 -8.333574295043945312e+00
-2.362926721572875977e+00 -8.796074867248535156e+00
-7.922157764434814453e+00 -1.750545120239257812e+01
-1.001544570922851562e+01 -1.143027973175048828e+01
-4.659990787506103516e+00 -1.475681304931640625e+01
-1.117688894271850586e+00 -1.902470397949218750e+01
-1.409906578063964844e+01 -1.767946624755859375e+01
-1.221604728698730469e+01 -1.881711196899414062e+01
-1.457204246520996094e+01 -2.186554145812988281e+01
-9.113750457763671875e+00 -1.164047145843505859e+01
-1.782071113586425781e+01 -1.844087028503417969e+01
-7.553526878356933594e+00 -1.794786643981933594e+01
-8.365841865539550781e+00 -1.660840988159179688e+01
-1.092126941680908203e+01 -1.096147918701171875e+01
-5.947577476501464844e+00 -1.306519985198974609e+01
-7.913948059082031250e+00 -1.087899780273437500e+01
-9.016401290893554688e+00 -2.294209671020507812e+01
-2.537555694580078125e+00 -1.056630373001098633e+00
-4.546800136566162109e+00 -8.997292518615722656e+00
-9.543986320495605469e+00 -1.397042179107666016e+01
1.914821386337280273e+00 -9.237357139587402344e+00
-1.111748504638671875e+01 -1.183167266845703125e+01
-1.659422492980957031e+01 -1.799750518798828125e+01
-1.247903633117675781e+01 -2.090579414367675781e+01
-5.648222923278808594e+00 -1.245858573913574219e+01
3.229702949523925781e+00 -6.485513687133789062e+00
-9.710565567016601562e+00 -1.099099636077880859e+01
-1.534038543701171875e+01 -1.982387351989746094e+01
-1.347389316558837891e+01 -1.366236019134521484e+01
-1.000756645202636719e+01 -7.425780296325683594e+00
-9.755493164062500000e+00 -1.024449253082275391e+01
-1.124349021911621094e+01 -1.792956542968750000e+01
-6.869771480560302734e+00 -1.818082046508789062e+01
-8.006576538085937500e+00 -8.976318359375000000e+00
-3.764317274093627930e+00 -1.148483085632324219e+01
-8.279061317443847656e+00 -1.268760776519775391e+01
-4.724855422973632812e+00 -1.738398933410644531e+01
-5.402516841888427734e+00 -9.717850685119628906e+00
2.583911418914794922e+00 -1.125821113586425781e+01
5.538832187652587891e+00 -9.866874694824218750e+00
-8.543744087219238281e+00 -1.044478797912597656e+01
-1.393769454956054688e+01 -1.825737571716308594e+01
-1.745813727378845215e+00 -1.160591840744018555e+00
-8.455667495727539062e+00 -7.848974704742431641e+00
-8.731749057769775391e-01 -1.995565795898437500e+01
-5.921595573425292969e+00 -1.093344879150390625e+01
-9.774580955505371094e+00 -1.239383125305175781e+01
3.668184280395507812e-01 -1.962272071838378906e+01
-5.907974720001220703e+00 -1.486233711242675781e+01
-1.071352100372314453e+01 -1.371630764007568359e+01
-9.189688682556152344e+00 -1.326492118835449219e+01
-1.021319389343261719e+01 -2.046265029907226562e+01
2.358389854431152344e+00 -1.180980777740478516e+01
-1.873678779602050781e+01 -1.731058883666992188e+01
-9.572775840759277344e+00 -2.366194152832031250e+01
-1.267267990112304688e+01 -5.157306194305419922e+00
-1.733705711364746094e+01 -1.906125640869140625e+01
-4.721618652343750000e+00 -1.785409545898437500e+01
3.596362829208374023e+00 -1.210471248626708984e+01
-1.285592269897460938e+01 -1.689890670776367188e+01
-1.383677768707275391e+01 -1.440788269042968750e+01
-4.445197284221649170e-01 -1.754665565490722656e+01
-6.381765365600585938e+00 -1.422601604461669922e+01
6.589293956756591797e+00 -1.040225124359130859e+01
-7.139270305633544922e+00 -2.214739608764648438e+01
-4.916998386383056641e+00 -9.894155502319335938e+00
-8.111096382141113281e+00 -2.115112876892089844e+01
-5.018371105194091797e+00 -1.397692394256591797e+01
-1.486221122741699219e+01 -1.298137569427490234e+01
-1.269388079643249512e+00 -3.980595350265502930e+00
-1.853549766540527344e+01 -1.843506240844726562e+01
-6.407244205474853516e+00 -8.833008766174316406e+00
-1.750914192199707031e+01 -9.137825012207031250e+00
-8.823132514953613281e+00 -1.226974010467529297e+01
-1.611200523376464844e+01 -1.473403549194335938e+01
-1.170331001281738281e+01 -2.047934150695800781e+01
-7.815619468688964844e+00 -1.479698753356933594e+01
-5.543820858001708984e+00 -7.323287963867187500e+00
-1.163498687744140625e+01 -1.867140579223632812e+01
