4.946962833404541016e+00 -1.439976334571838379e+00
3.950010776519775391e+00 -1.940431952476501465e+00
5.687255382537841797e+00 -2.860821247100830078e+00
3.993931055068969727e+00 -7.853567004203796387e-01
7.748411178588867188e+00 -3.356232166290283203e+00
-1.857503414154052734e+00 3.277901887893676758e+00
3.597190380096435547e+00 -3.440833883360028267e-03
-1.764049410820007324e+00 -1.212919330596923828e+01
2.763794660568237305e+00 -3.653066396713256836e+00
9.374648094177246094e+00 -3.369184732437133789e+00
7.899593830108642578e+00 -4.489583969116210938e+00
1.255984544754028320e+00 -6.542781352996826172e+00
1.866664052009582520e+00 -2.397930383682250977e+00
2.115127325057983398e+00 -5.819375514984130859e+00
-1.899578332901000977e+00 -6.987650394439697266e+00
5.975347518920898438e+00 -4.320993900299072266e+00
3.784068107604980469e+00 3.809975147247314453e+00
1.659391283988952637e+00 -2.988629341125488281e+00
3.727325439453125000e+00 -7.773590087890625000e+00
4.490473270416259766e+00 -1.431649017333984375e+01
7.454100608825683594e+00 -6.588886737823486328e+00
-1.058305549621582031e+01 -1.619799613952636719e+01
5.164582729339599609e+00 -1.041224384307861328e+01
-2.560591399669647217e-01 -4.922996044158935547e+00
6.319276332855224609e+00 2.457559585571289062e+00
-1.029242134094238281e+01 7.832139015197753906e+00
3.659324169158935547e+00 -3.680508852005004883e+00
6.768820762634277344e+00 -5.857751369476318359e-01
8.203639030456542969e+00 -8.959060668945312500e+00
7.934895038604736328e+00 -8.899037361145019531e+00
6.825953960418701172e+00 -6.743743419647216797e+00
8.049031257629394531e+00 -5.795985698699951172e+00
6.996319770812988281e+00 -5.355669498443603516e+00
4.055889129638671875e+00 -7.250916957855224609e+00
-7.274568080902099609e+00 -1.845661520957946777e+00
-1.704926729202270508e+00 -1.250172424316406250e+01
5.780660152435302734e+00 -7.539216995239257812e+00
1.020086479187011719e+01 -5.502748489379882812e+00
6.355715274810791016e+00 -6.957539558410644531e+00
6.297449588775634766e+00 -1.727516174316406250e+00
3.724321365356445312e+00 2.582047939300537109e+00
6.549715518951416016e+00 -3.137347459793090820e+00
8.168702125549316406e+00 -1.311657047271728516e+01
-1.001343846321105957e+00 -1.214382743835449219e+01
5.553371906280517578e+00 -1.057270431518554688e+01
-4.983703792095184326e-01 -7.823773860931396484e+00
-7.522006988525390625e+00 -4.068994998931884766e+00
6.854537963867187500e+00 -8.169035911560058594e+00
3.560125350952148438e+00 -2.554212331771850586e+00
3.392527818679809570e+00 -4.307253360748291016e+00
5.817878246307373047e+00 -5.120293617248535156e+00
2.522703647613525391e+00 -2.716247797012329102e+00
3.396697521209716797e+00 -3.541822671890258789e+00
8.204230308532714844e+00 -3.530002832412719727e+00
1.369942426681518555e+00 -9.211178779602050781e+00
5.313319683074951172e+00 7.420465946197509766e-01
8.777152061462402344e+00 9.904781341552734375e+00
-3.309487342834472656e+00 -1.084230613708496094e+01
4.031975269317626953e+00 -5.467640876770019531e+00
1.313777685165405273e+00 -1.832792639732360840e+00
9.095683097839355469e+00 -8.406280517578125000e+00
4.704319477081298828e+00 -2.224213361740112305e+00
2.717714786529541016e+00 -2.328428030014038086e+00
4.335429668426513672e+00 -3.740999698638916016e+00
1.100221633911132812e+01 -3.804798841476440430e+00
1.621346712112426758e+00 -3.523717403411865234e+00
-3.800235748291015625e+00 -8.453342318534851074e-01
8.992115974426269531e+00 -8.439504623413085938e+00
3.549283027648925781e+00 2.666813611984252930e+00
2.095221328735351562e+01 1.421817016601562500e+01
7.271736621856689453e+00 -1.482793331146240234e+01
5.102593898773193359e+00 -6.282577991485595703e+00
5.365434169769287109e+00 2.715636789798736572e-01
6.982150077819824219e+00 -1.096363186836242676e+00
-5.887983798980712891e+00 2.658112049102783203e-01
1.437951946258544922e+01 8.184852600097656250e+00
1.873296737670898438e+00 -7.649284839630126953e+00
2.454503059387207031e+00 -8.264894485473632812e+00
4.824076652526855469e+00 -8.917449951171875000e+00
-2.862653136253356934e-01 -2.272867441177368164e+00
1.106035137176513672e+01 -6.269008636474609375e+00
5.508947372436523438e+00 -5.198077201843261719e+00
1.967089891433715820e+00 -8.783238410949707031e+00
7.936177730560302734e+00 -9.117395401000976562e+00
7.431950569152832031e-01 -6.956729412078857422e+00
8.935617446899414062e+00 -6.031115531921386719e+00
2.434354543685913086e+00 8.898671150207519531e+00
2.988076686859130859e+00 -1.873176842927932739e-01
6.504458904266357422e+00 -9.772607803344726562e+00
6.143166542053222656e+00 1.604562568664550781e+01
3.925536274909973145e-01 -3.043901443481445312e+00
1.139914226531982422e+01 7.527400493621826172e+00
6.750119686126708984e+00 -2.707459032535552979e-02
4.802101135253906250e+00 -7.792672634124755859e+00
-6.676637649536132812e+00 3.678452730178833008e+00
6.215647220611572266e+00 -5.593360900878906250e+00
-1.422519874572753906e+01 3.503543615341186523e+00
-1.242655754089355469e+01 -4.402721405029296875e+00
-1.298412418365478516e+01 1.167848706245422363e-02
-1.651180458068847656e+01 3.395189523696899414e+00
-7.141335964202880859e+00 6.090223193168640137e-01
-7.246584892272949219e-01 5.684758186340332031e+00
-7.168550491333007812e+00 3.820023059844970703e+00
-1.252506351470947266e+01 3.672213852405548096e-01
-8.833168029785156250e+00 -8.231413960456848145e-01
-1.228236007690429688e+01 1.811959028244018555e+00
-1.341218280792236328e+01 7.297976613044738770e-01
-1.327235603332519531e+01 2.521651029586791992e+00
-1.153393554687500000e+01 3.602598905563354492e+00
-1.211745548248291016e+01 1.410065174102783203e+00
-1.180711078643798828e+01 -2.420159339904785156e+00
-1.185512638092041016e+01 -2.603019714355468750e+00
2.351902723312377930e+00 8.862741470336914062e+00
-1.281002712249755859e+01 2.547258853912353516e+00
-1.075514602661132812e+01 -2.304496288299560547e+00
4.474968910217285156e+00 -1.596048450469970703e+01
-1.350684833526611328e+01 -6.723554134368896484e+00
-1.119611549377441406e+01 -1.492662525177001953e+01
-2.384850502014160156e+00 -7.797448635101318359e+00
-1.329618453979492188e+01 3.677729368209838867e+00
-1.560507392883300781e+01 1.631627798080444336e+00
-1.052813339233398438e+01 6.974461078643798828e+00
-8.776904106140136719e+00 1.330334186553955078e+00
-1.583722019195556641e+01 1.065422773361206055e+00
-1.465280914306640625e+01 -5.195507049560546875e+00
-1.559569454193115234e+01 -2.252695322036743164e+00
-1.338197803497314453e+01 -3.893253326416015625e+00
-9.913545608520507812e+00 -1.790441870689392090e+00
-1.621524620056152344e+01 -2.132370948791503906e+00
-1.468581199645996094e+01 2.004481315612792969e+00
-1.005889320373535156e+01 6.073649406433105469e+00
-1.168777370452880859e+01 -5.135296344757080078e+00
-1.529410362243652344e+01 -9.869801998138427734e-01
-1.203217220306396484e+01 -1.162717151641845703e+01
-1.422404575347900391e+01 -4.880264401435852051e-01
-1.162847042083740234e+01 -1.466716647148132324e+00
-1.670886611938476562e+01 2.477106451988220215e-01
-1.634749984741210938e+01 -7.158680558204650879e-01
-3.252875804901123047e+00 -1.790288602933287621e-03
-1.363543033599853516e+01 -4.878556251525878906e+00
-1.776642799377441406e+01 -1.879094362258911133e+00
-1.403763771057128906e+01 -3.439804077148437500e+00
-1.208172035217285156e+01 -1.147995948791503906e+01
-1.267474079132080078e+01 -2.448273897171020508e+00
-9.291699409484863281e+00 2.183906078338623047e+00
-1.009715270996093750e+01 5.976148843765258789e-01
-6.333531379699707031e+00 -9.860155582427978516e-01
-1.081662178039550781e+01 1.418048620223999023e+00
-1.089959812164306641e+01 5.939009785652160645e-01
-1.548698616027832031e+01 -1.513994216918945312e+00
-9.828735351562500000e+00 1.380379557609558105e+00
-1.712237739562988281e+01 2.328571319580078125e+00
-1.723387718200683594e+01 1.808809518814086914e+00
-1.708761405944824219e+01 -1.333331227302551270e+00
-1.216713619232177734e+01 -3.189866304397583008e+00
-1.010029888153076172e+01 5.583135604858398438e+00
-1.104294013977050781e+01 4.319962114095687866e-02
-1.558169937133789062e+01 4.964392185211181641e+00
-1.434132099151611328e+01 1.512517333030700684e+00
-9.252411842346191406e+00 7.284028530120849609e-01
-7.419094085693359375e+00 -1.376372575759887695e+00
-1.234499835968017578e+01 4.073753833770751953e+00
-1.070549201965332031e+01 4.336849212646484375e+00
-1.377274036407470703e+01 -6.251897811889648438e+00
-5.268783569335937500e-01 5.597968578338623047e+00
2.043148040771484375e+01 1.912193870544433594e+01
-4.217418193817138672e+00 -1.481441140174865723e+00
-1.158905506134033203e+01 -1.082717800140380859e+01
-1.341310024261474609e+01 3.255123853683471680e+00
-1.791884040832519531e+01 -3.349577784538269043e-01
-1.055277919769287109e+01 2.214375972747802734e+00
1.548907184600830078e+01 8.886040687561035156e+00
-1.602387809753417969e+01 -3.559052705764770508e+00
-1.375868320465087891e+01 1.325611829757690430e+00
-1.152540397644042969e+01 2.697507143020629883e+00
-1.386447525024414062e+01 -7.579117298126220703e+00
-1.059642791748046875e+01 -5.682050228118896484e+00
-1.301928043365478516e+01 9.213023185729980469e-01
-1.331383228302001953e+01 -1.963568568229675293e+00
-1.366502761840820312e+01 1.917578220367431641e+00
-1.399359893798828125e+01 -3.028050899505615234e+00
-1.475550842285156250e+01 -1.183017015457153320e+00
5.137057304382324219e+00 1.101937961578369141e+01
-1.544793319702148438e+01 4.491253376007080078e+00
-4.470246315002441406e+00 -4.697272300720214844e+00
-1.679533767700195312e+01 -6.313999176025390625e+00
-9.808324813842773438e+00 2.574500083923339844e+00
-1.659939002990722656e+01 4.284338474273681641e+00
-1.574934101104736328e+01 2.534251689910888672e+00
-1.129795932769775391e+01 -1.099577903747558594e+00
-1.753419113159179688e+01 4.441086292266845703e+00
-1.217594051361083984e+01 -4.712494909763336182e-01
1.433546447753906250e+01 9.875600814819335938e+00
1.224108695983886719e+01 1.919106483459472656e+01
1.413273048400878906e+01 1.875446510314941406e+01
1.361685466766357422e+01 8.497682571411132812e+00
9.709449768066406250e+00 1.984681510925292969e+01
1.292535686492919922e+01 1.398570251464843750e+01
1.411228275299072266e+01 1.482343673706054688e+01
1.418550968170166016e+01 1.992420005798339844e+01
1.512214851379394531e+01 1.555185699462890625e+01
1.213056087493896484e+01 -2.091828346252441406e+00
1.728888511657714844e+01 1.972728729248046875e+01
1.532260417938232422e+01 1.788810157775878906e+01
1.541527748107910156e+01 1.245660686492919922e+01
1.551485443115234375e+01 1.588758468627929688e+01
1.603199386596679688e+01 1.166127586364746094e+01
1.584710121154785156e+01 1.552420806884765625e+01
8.675022125244140625e+00 1.487612247467041016e+01
1.430958175659179688e+01 1.337550735473632812e+01
1.300353145599365234e+01 1.677171707153320312e+01
1.134410285949707031e+01 1.201603984832763672e+01
9.131152153015136719e+00 1.912311172485351562e+01
1.675069427490234375e+01 1.955403327941894531e+01
1.886072540283203125e+01 1.608386039733886719e+01
1.266141605377197266e+01 1.142472743988037109e+01
1.436452293395996094e+01 6.864497661590576172e+00
1.369697284698486328e+01 1.307126712799072266e+01
1.743447113037109375e+01 1.705996894836425781e+01
1.717294502258300781e+01 1.843201446533203125e+01
1.235576438903808594e+01 1.707194900512695312e+01
1.811871337890625000e+01 1.641530990600585938e+01
1.051841354370117188e+01 2.005448150634765625e+01
1.825998878479003906e+01 1.490200710296630859e+01
8.634331703186035156e+00 1.723956489562988281e+01
1.027532005310058594e+01 1.947166442871093750e+01
1.428655910491943359e+01 2.193948364257812500e+01
1.329518318176269531e+01 1.591585636138916016e+01
1.228729438781738281e+01 2.012785720825195312e+01
8.828654289245605469e+00 2.009464645385742188e+01
1.350493431091308594e+01 2.084493827819824219e+01
1.102590179443359375e+01 1.371326637268066406e+01
6.753585338592529297e+00 3.408518552780151367e+00
8.317727088928222656e+00 1.760495185852050781e+01
9.019396781921386719e+00 1.022965335845947266e+01
1.259086990356445312e+01 1.967469215393066406e+01
7.154471397399902344e+00 1.641068267822265625e+01
2.007135009765625000e+01 1.603709030151367188e+01
1.408613204956054688e+01 2.095109176635742188e+01
1.139520645141601562e+01 2.083158302307128906e+01
1.121757411956787109e+01 1.121502971649169922e+01
1.468091297149658203e+01 1.210493373870849609e+01
1.616659355163574219e+01 1.684907341003417969e+01
1.537243461608886719e+01 1.431923770904541016e+01
1.626848793029785156e+01 1.675660705566406250e+01
1.391605091094970703e+01 9.691877365112304688e+00
1.777484512329101562e+01 1.775819969177246094e+01
1.333393955230712891e+01 1.822627639770507812e+01
9.218489646911621094e+00 1.452747631072998047e+01
1.447988986968994141e+01 1.680385971069335938e+01
1.776311683654785156e+01 1.777935600280761719e+01
1.500626850128173828e+01 1.268917560577392578e+01
1.357534313201904297e+01 1.945707130432128906e+01
1.575103664398193359e+01 1.977653694152832031e+01
1.464386081695556641e+01 1.530233955383300781e+01
1.397128295898437500e+01 1.770543861389160156e+01
1.161984729766845703e+01 -2.979977130889892578e+00
1.743304061889648438e+01 1.408748054504394531e+01
1.593953990936279297e+01 1.375326347351074219e+01
8.532265663146972656e+00 1.797092628479003906e+01
9.863765716552734375e+00 1.682113838195800781e+01
1.965287780761718750e+01 1.904864692687988281e+01
1.760840797424316406e+01 1.453389072418212891e+01
1.284946918487548828e+01 2.125771522521972656e+01
1.631265258789062500e+01 1.443675804138183594e+01
1.206193923950195312e+01 1.847303009033203125e+01
1.405497741699218750e+01 1.278160953521728516e+01
1.594520950317382812e+01 7.751832485198974609e+00
1.532453823089599609e+01 1.473031425476074219e+01
1.937938499450683594e+01 1.752395057678222656e+01
1.875528907775878906e+01 1.862319946289062500e+01
1.332118129730224609e+01 1.539869499206542969e+01
1.502713584899902344e+01 1.739712524414062500e+01
1.117344379425048828e+01 1.832018852233886719e+01
1.526453781127929688e+01 1.680674362182617188e+01
9.198221206665039062e+00 1.820271301269531250e+01
1.633589172363281250e+01 1.507426452636718750e+01
1.473686599731445312e+01 6.605202674865722656e+00
4.203743457794189453e+00 1.158456993103027344e+01
1.321805191040039062e+01 7.621572017669677734e+00
1.684781074523925781e+01 1.778681373596191406e+01
8.231366157531738281e+00 1.866105651855468750e+01
1.606139945983886719e+01 1.853946685791015625e+01
1.228581047058105469e+01 8.280239105224609375e+00
9.428940773010253906e+00 1.446703338623046875e+01
1.590187454223632812e+01 1.812606430053710938e+01
1.528940963745117188e+01 1.304473876953125000e+01
1.740013694763183594e+01 1.630429267883300781e+01
-7.237338542938232422e+00 -4.474645614624023438e+00
-3.868946075439453125e+00 -1.471622753143310547e+01
-1.070376205444335938e+01 -9.950671195983886719e+00
-5.118264198303222656e+00 -3.016330003738403320e+00
6.717854738235473633e-01 -8.071119308471679688e+00
-2.334242582321166992e+00 3.436967849731445312e+00
-2.288709640502929688e+00 -2.781254291534423828e+00
-6.835876464843750000e+00 -1.543336486816406250e+01
-4.383436679840087891e+00 -1.355822467803955078e+01
-4.787279129028320312e+00 -1.691104125976562500e+01
-6.545165926218032837e-02 -9.809274673461914062e+00
-1.820237755775451660e+00 -1.565842247009277344e+01
-6.792197704315185547e+00 -7.074690818786621094e+00
-5.109729766845703125e+00 -1.299079132080078125e+01
-5.844944477081298828e+00 -6.457878112792968750e+00
-3.399904727935791016e+00 -1.250828933715820312e+01
1.233584165573120117e+00 -1.277343177795410156e+01
-5.205333709716796875e+00 -4.583479404449462891e+00
-5.841207504272460938e+00 -1.245220756530761719e+01
4.774655818939208984e+00 -1.516695690155029297e+01
-6.572799205780029297e+00 -1.175044727325439453e+01
-1.041516685485839844e+01 -1.565922069549560547e+01
3.900429487228393555e+00 -1.158809947967529297e+01
5.020106792449951172e+00 -1.537636661529541016e+01
5.174452066421508789e-01 7.739367485046386719e-01
-1.026363658905029297e+01 8.199123382568359375e+00
-4.472561359405517578e+00 -1.160533905029296875e+01
-9.275890886783599854e-02 1.635292887687683105e+00
-8.220632553100585938e+00 -1.212540054321289062e+01
-8.076477050781250000e+00 -1.123799133300781250e+01
-6.352478027343750000e+00 -1.283453750610351562e+01
-3.137281656265258789e+00 -4.847532749176025391e+00
-7.629199504852294922e+00 -1.368330287933349609e+01
-8.670956611633300781e+00 -1.356942272186279297e+01
-6.977773666381835938e+00 -1.774686431884765625e+01
-7.681868553161621094e+00 -1.480032539367675781e+01
-8.343666076660156250e+00 -1.527517318725585938e+01
-8.869885444641113281e+00 -1.485587406158447266e+01
-7.411566734313964844e+00 -1.550720691680908203e+01
-7.517185688018798828e+00 -1.059033775329589844e+01
2.222022294998168945e+00 -1.301240730285644531e+01
-3.992161512374877930e+00 -9.947795867919921875e+00
7.794051170349121094e+00 -1.335356140136718750e+01
-6.697432518005371094e+00 -1.582073879241943359e+01
2.361777305603027344e+00 -1.297227478027343750e+01
-1.719064116477966309e+00 -1.525585937500000000e+01
-5.076382637023925781e+00 -1.522267341613769531e+01
-6.315392971038818359e+00 -1.485688781738281250e+01
-2.929387807846069336e+00 -2.942915439605712891e+00
-1.731619477272033691e+00 -7.982447624206542969e+00
1.173364400863647461e+00 -9.517797470092773438e+00
-5.216674804687500000e+00 -3.904045581817626953e+00
-5.873031616210937500e+00 -7.761486053466796875e+00
-5.788247108459472656e+00 -1.638461112976074219e+01
-4.914707183837890625e+00 -6.858244419097900391e+00
-6.798463463783264160e-01 -7.153283596038818359e+00
4.035008907318115234e+00 -1.294885540008544922e+01
-7.523942470550537109e+00 -1.346145439147949219e+01
-2.239089965820312500e+00 -8.887172698974609375e+00
-7.601353645324707031e+00 -6.484403610229492188e+00
-9.042139053344726562e+00 -1.457032871246337891e+01
-2.671275854110717773e+00 -4.644955635070800781e+00
-6.773309230804443359e+00 -4.297610759735107422e+00
-7.156867504119873047e+00 -4.550425052642822266e+00
1.040805244445800781e+01 -4.914401054382324219e+00
-6.829538941383361816e-01 -5.891142368316650391e+00
-6.015377044677734375e+00 -8.203536033630371094e+00
-8.872344970703125000e+00 -1.298398494720458984e+01
-8.592250823974609375e+00 -1.052652931213378906e+01
-1.700699090957641602e+00 -1.644958114624023438e+01
7.267428874969482422e+00 -1.476001739501953125e+01
-1.105090141296386719e+01 -1.266773509979248047e+01
-2.240098476409912109e+00 -5.994515895843505859e+00
1.976343750953674316e+00 3.376652956008911133e+00
-6.755313873291015625e+00 -6.289886474609375000e+00
1.584435653686523438e+01 9.180076599121093750e+00
-8.176970481872558594e+00 -1.292358398437500000e+01
-7.380345344543457031e+00 -1.258289909362792969e+01
-6.717987060546875000e-01 -9.339431762695312500e+00
-6.996575355529785156e+00 -8.060633659362792969e+00
-6.499892234802246094e+00 -1.813516998291015625e+01
-2.927021741867065430e+00 -8.765621185302734375e+00
-4.487400531768798828e+00 -1.479435539245605469e+01
-4.988248825073242188e+00 -6.924362182617187500e+00
-2.017396926879882812e+00 -1.600719261169433594e+01
-1.064179515838623047e+01 -1.427986907958984375e+01
4.406886577606201172e+00 1.123871421813964844e+01
2.751884460449218750e-01 2.351245164871215820e+00
3.878450870513916016e+00 -1.149583530426025391e+01
-5.582935810089111328e+00 -1.185935878753662109e+01
-4.981130599975585938e+00 -8.008799552917480469e+00
-1.225660610198974609e+01 5.548962116241455078e+00
-1.394549131393432617e+00 -4.110881328582763672e+00
-2.871417045593261719e+00 -1.431611347198486328e+01
-1.090421390533447266e+01 3.620029211044311523e+00
-3.932262420654296875e+00 -1.281061649322509766e+01
