0	3
1	6
2	5
3	1
4	6
5	3
6	5
7	2
8	6
9	3
10	1
11	6
12	2
13	7
14	6
15	4
16	2
17	2
18	6
19	0
20	4
21	5
22	6
23	4
24	1
25	2
26	6
27	3
28	5
29	3
30	5
31	5
32	6
33	2
34	2
35	4
36	2
37	2
38	6
39	1
40	6
41	6
42	1
43	5
44	2
45	6
46	1
47	1
48	1
49	7
50	4
51	6
52	6
53	6
54	2
55	1
56	1
57	0
58	2
59	6
60	6
61	6
62	2
63	6
64	2
65	2
66	3
67	6
68	6
69	2
70	3
71	1
72	1
73	5
74	6
75	2
76	5
77	5
78	0
79	3
80	2
81	2
82	7
83	1
84	3
85	6
86	3
87	6
88	4
89	4
90	6
91	6
92	6
93	4
94	6
95	2
96	6
97	1
98	6
99	6
100	2
101	6
102	1
103	1
104	6
105	6
106	1
107	6
108	6
109	5
110	6
111	1
112	6
113	2
114	6
115	0
116	4
117	2
118	1
119	3
120	1
121	5
122	3
123	4
124	2
125	6
126	1
127	6
128	6
129	3
130	6
131	4
132	4
133	2
134	1
135	1
136	1
137	2
138	6
139	6
140	2
141	0
142	1
143	1
144	2
145	4
146	6
147	3
148	2
149	2
150	6
151	2
152	2
153	2
154	4
155	6
156	6
157	1
158	2
159	1
160	2
161	1
162	6
163	2
164	2
165	6
166	6
167	6
168	0
169	1
170	1
171	2
172	2
173	6
174	4
175	6
176	1
177	1
178	1
179	6
180	2
181	6
182	0
183	6
184	4
185	6
186	6
187	2
188	2
189	6
190	2
191	5
192	4
193	2
194	0
195	3
196	5
197	6
198	1
199	2
200	1
201	7
202	4
203	4
204	3
205	4
206	1
207	2
208	2
209	5
210	2
211	3
212	4
213	6
214	0
215	7
216	2
217	1
218	3
219	3
220	4
221	1
222	5
223	5
224	0
225	1
226	5
227	6
228	6
229	0
230	1
231	6
232	5
233	6
234	0
235	3
236	1
237	6
238	2
239	6
240	6
241	6
242	5
243	6
244	1
245	4
246	1
247	2
248	6
249	4
250	2
251	6
252	6
253	1
254	2
255	3
256	6
257	1
258	3
259	6
260	1
261	2
262	4
263	6
264	6
265	0
266	6
267	6
268	4
269	5
270	1
271	4
272	0
273	6
274	6
275	6
276	4
277	4
278	4
279	5
280	1
281	1
282	3
283	7
284	7
285	6
286	1
287	6
288	0
289	6
290	1
291	6
292	1
293	6
294	4
295	5
296	4
297	1
298	1
299	6
300	4
301	3
302	4
303	6
304	2
305	5
306	4
307	0
308	6
309	2
310	2
311	3
312	3
313	6
314	6
315	0
316	6
317	3
318	3
319	3
320	4
321	2
322	5
323	4
324	3
325	6
326	2
327	1
328	2
329	2
330	4
331	6
332	4
333	4
334	5
335	2
336	4
337	3
338	6
339	6
340	0
341	6
342	2
343	4
344	2
345	3
346	6
347	5
348	1
349	6
350	6
351	6
352	2
353	1
354	6
355	6
356	1
357	2
358	4
359	1
360	2
361	4
362	3
363	6
364	6
365	2
366	2
367	1
368	3
369	5
370	6
371	0
372	6
373	6
374	6
375	2
376	5
377	5
378	5
379	5
380	1
381	3
382	1
383	6
384	2
385	1
386	3
387	6
388	3
389	6
390	6
391	6
392	4
393	3
394	4
395	3
396	3
397	2
398	0
399	6
400	4
401	6
402	6
403	4
404	1
405	1
406	3
407	6
408	1
409	5
410	6
411	4
412	0
413	3
414	0
415	2
416	6
417	0
418	0
419	6
420	1
421	2
422	6
423	4
424	0
425	1
426	6
427	1
428	5
429	3
430	5
431	0
432	6
433	7
434	6
435	6
436	2
437	0
438	2
439	6
440	1
441	6
442	4
443	6
444	4
445	6
446	2
447	2
448	1
449	1
450	6
451	1
452	4
453	6
454	6
455	1
456	2
457	1
458	0
459	3
460	3
461	2
462	0
463	4
464	0
465	6
466	4
467	4
468	1
469	4
470	6
471	6
472	6
473	3
474	0
475	4
476	7
477	6
478	3
479	6
480	2
481	3
482	3
483	6
484	3
485	6
486	4
487	6
488	1
489	5
490	6
491	4
492	7
493	4
494	2
495	7
496	6
497	1
498	2
499	7
500	5
501	6
502	5
503	6
504	5
505	6
506	5
507	6
508	5
509	6
510	4
511	6
512	6
513	2
514	0
515	0
516	5
517	3
518	6
519	2
520	2
521	6
522	4
523	2
524	5
525	3
526	6
527	6
528	5
529	4
530	6
531	5
532	6
533	7
534	6
535	0
536	6
537	6
538	0
539	0
540	4
541	2
542	5
543	2
544	1
545	5
546	4
547	4
548	4
549	3
550	6
551	3
552	0
553	4
554	5
555	5
556	3
557	4
558	0
559	6
560	2
561	3
562	7
563	3
564	6
565	6
566	3
567	6
568	4
569	3
570	1
571	6
572	4
573	6
574	0
575	6
576	0
577	6
578	1
579	1
580	0
581	1
582	1
583	6
584	0
585	1
586	3
587	7
588	4
589	4
590	6
591	2
592	2
593	4
594	0
595	6
596	6
597	3
598	4
599	4
600	4
601	2
602	6
603	3
604	1
605	4
606	2
607	0
608	0
609	7
610	3
611	6
612	5
613	0
614	3
615	0
616	0
617	7
618	4
619	6
620	4
621	0
622	1
623	3
624	6
625	4
626	5
627	6
628	5
629	2
630	0
631	7
632	5
633	6
634	7
635	2
636	5
637	6
638	5
639	1
640	6
641	0
642	4
643	1
644	6
645	5
646	1
647	1
648	6
649	4
650	3
651	6
652	2
653	3
654	6
655	6
656	7
657	4
658	6
659	7
660	4
661	7
662	0
663	1
664	1
665	6
666	5
667	1
668	4
669	1
670	1
671	5
672	1
673	6
674	1
675	6
676	4
677	6
678	4
679	0
680	0
681	7
682	1
683	6
684	4
685	7
686	6
687	7
688	4
689	5
690	3
691	6
692	0
693	6
694	4
695	3
696	3
697	1
698	1
699	1
700	0
701	5
702	1
703	3
704	4
705	1
706	6
707	4
708	0
709	5
710	3
711	1
712	4
713	4
714	4
715	4
716	0
717	6
718	1
719	6
720	6
721	6
722	4
723	2
724	0
725	6
726	5
727	0
728	4
729	5
730	2
731	4
732	6
733	4
734	2
735	6
736	7
737	0
738	0
739	6
740	6
741	4
742	4
743	5
744	6
745	2
746	0
747	6
748	4
749	6
750	4
751	0
752	2
753	4
754	6
755	6
756	1
757	1
758	1
759	1
760	6
761	4
762	6
763	4
764	6
765	0
766	7
767	6
768	0
769	2
770	5
771	4
772	2
773	2
774	6
775	5
776	3
777	6
778	7
779	6
780	1
781	4
782	4
783	1
784	4
785	6
786	3
787	4
788	1
789	0
790	0
791	6
792	0
793	4
794	0
795	7
796	2
797	6
798	1
799	0
800	5
801	0
802	6
803	2
804	4
805	3
806	5
807	3
808	2
809	5
810	4
811	3
812	6
813	1
814	2
815	4
816	7
817	7
818	6
819	7
820	1
821	6
822	2
823	1
824	5
825	6
826	2
827	2
828	5
829	6
830	6
831	7
832	6
833	5
834	7
835	0
836	1
837	4
838	1
839	6
840	1
841	6
842	2
843	0
844	4
845	0
846	1
847	7
848	5
849	4
850	1
851	1
852	6
853	2
854	1
855	4
856	4
857	6
858	0
859	6
860	4
861	4
862	1
863	5
864	3
865	4
866	4
867	0
868	7
869	0
870	5
871	3
872	1
873	4
874	0
875	2
876	4
877	4
878	3
879	0
880	4
881	6
882	6
883	3
884	3
885	6
886	2
887	1
888	0
889	2
890	4
891	5
892	4
893	6
894	6
895	4
896	5
897	0
898	6
899	4
900	6
901	4
902	2
903	2
904	6
905	2
906	0
907	6
908	0
909	6
910	6
911	4
912	1
913	4
914	7
915	0
916	3
917	0
918	4
919	0
920	2
921	1
922	5
923	6
924	5
925	6
926	3
927	3
928	4
929	7
930	6
931	4
932	5
933	5
934	0
935	2
936	3
937	0
938	1
939	0
940	0
941	2
942	4
943	6
944	0
945	0
946	4
947	6
948	6
949	1
950	0
951	2
952	5
953	4
954	1
955	0
956	6
957	1
958	7
959	6
960	1
961	5
962	2
963	6
964	5
965	1
966	0
967	2
968	6
969	0
970	5
971	6
972	4
973	6
974	0
975	4
976	6
977	4
978	0
979	5
980	3
981	0
982	3
983	0
984	1
985	1
986	4
987	1
988	4
989	0
990	3
991	0
992	4
993	2
994	3
995	7
996	5
997	7
998	0
999	6
1000	7
1001	5
1002	6
1003	1
1004	5
1005	0
1006	0
1007	1
1008	4
1009	3
1010	1
1011	7
1012	0
1013	0
1014	1
1015	4
1016	6
1017	7
1018	4
1019	5
1020	6
1021	4
1022	0
1023	4
1024	6
1025	5
1026	0
1027	5
1028	6
1029	4
1030	6
1031	2
1032	4
1033	4
1034	0
1035	0
1036	1
1037	4
1038	4
1039	0
1040	0
1041	4
1042	7
1043	0
1044	7
1045	5
1046	7
1047	6
1048	4
1049	4
1050	3
1051	4
1052	7
1053	0
1054	0
1055	0
1056	6
1057	4
1058	0
1059	3
1060	4
1061	6
1062	4
1063	4
1064	4
1065	0
1066	3
1067	1
1068	6
1069	6
1070	0
1071	4
1072	6
1073	1
1074	0
1075	1
1076	0
1077	2
1078	1
1079	2
1080	1
1081	4
1082	5
1083	4
1084	7
1085	6
1086	6
1087	4
1088	7
1089	3
1090	7
1091	4
1092	1
1093	0
1094	4
1095	6
1096	1
1097	3
1098	6
1099	1
1100	2
1101	2
1102	1
1103	4
1104	1
1105	3
1106	6
1107	2
1108	2
1109	1
1110	1
1111	6
1112	2
1113	6
1114	2
1115	1
1116	1
1117	6
1118	6
1119	1
1120	3
1121	6
1122	2
1123	1
1124	6
1125	6
1126	3
1127	2
1128	1
1129	6
1130	6
1131	2
1132	6
1133	6
1134	6
1135	3
1136	4
1137	1
1138	6
1139	3
1140	7
1141	1
1142	0
1143	1
1144	6
1145	6
1146	6
1147	1
1148	6
1149	1
1150	2
1151	6
1152	2
1153	0
1154	2
1155	2
1156	1
1157	1
1158	1
1159	6
1160	6
1161	6
1162	7
1163	6
1164	1
1165	3
1166	2
1167	6
1168	2
1169	3
1170	6
1171	3
1172	6
1173	6
1174	1
1175	3
1176	2
1177	1
1178	6
1179	6
1180	1
1181	6
1182	3
1183	1
1184	3
1185	3
1186	1
1187	1
1188	1
1189	2
1190	6
1191	3
1192	6
1193	6
1194	6
1195	3
1196	5
1197	6
1198	0
1199	4
1200	6
1201	1
1202	1
1203	1
1204	5
1205	0
1206	4
1207	0
1208	6
1209	1
1210	2
1211	1
1212	1
1213	3
1214	3
1215	1
1216	1
1217	2
1218	3
1219	1
1220	6
1221	1
1222	6
1223	0
1224	3
1225	0
1226	2
1227	2
1228	6
1229	1
1230	2
1231	6
1232	2
1233	2
1234	1
1235	1
1236	1
1237	2
1238	2
1239	6
1240	3
1241	5
1242	3
1243	6
1244	3
1245	6
1246	5
1247	1
1248	6
1249	1
1250	2
1251	0
1252	1
1253	6
1254	2
1255	6
1256	5
1257	6
1258	1
1259	2
1260	6
1261	0
1262	1
1263	3
1264	4
1265	1
1266	1
1267	3
1268	5
1269	0
1270	6
1271	4
1272	0
1273	1
1274	1
1275	2
1276	4
1277	0
1278	3
1279	6
1280	2
1281	1
1282	1
1283	1
1284	1
1285	1
1286	1
1287	6
1288	0
1289	6
1290	1
1291	5
1292	6
1293	5
1294	7
1295	3
1296	5
1297	1
1298	3
1299	6
1300	3
1301	1
1302	6
1303	2
1304	4
1305	6
1306	2
1307	7
1308	1
1309	2
1310	0
1311	6
1312	0
1313	3
1314	3
1315	1
1316	6
1317	1
1318	5
1319	1
1320	2
1321	7
1322	3
1323	2
1324	4
1325	4
1326	2
1327	3
1328	6
1329	1
1330	5
1331	0
1332	6
1333	5
1334	1
1335	7
1336	6
1337	6
1338	6
1339	2
1340	1
1341	1
1342	3
1343	4
1344	2
1345	0
1346	6
1347	5
1348	0
1349	6
1350	6
1351	4
1352	5
1353	1
1354	5
1355	5
1356	1
1357	6
1358	1
1359	1
1360	1
1361	6
1362	0
1363	0
1364	1
1365	2
1366	0
1367	6
1368	1
1369	2
1370	4
1371	3
1372	1
1373	6
1374	6
1375	4
1376	6
1377	3
1378	1
1379	6
1380	2
1381	6
1382	0
1383	6
1384	7
1385	3
1386	6
1387	4
1388	5
1389	6
1390	1
1391	2
1392	0
1393	3
1394	7
1395	6
1396	3
1397	4
1398	2
1399	6
1400	1
1401	5
1402	6
1403	3
1404	2
1405	7
1406	0
1407	6
1408	6
1409	2
1410	1
1411	1
1412	1
1413	2
1414	1
1415	3
1416	6
1417	6
1418	0
1419	4
1420	7
1421	1
1422	7
1423	1
1424	2
1425	2
1426	2
1427	0
1428	1
1429	7
1430	0
1431	0
1432	7
1433	5
1434	4
1435	6
1436	1
1437	1
1438	0
1439	1
1440	6
1441	6
1442	6
1443	2
1444	4
1445	3
1446	5
1447	3
1448	7
1449	1
1450	6
1451	6
1452	1
1453	3
1454	6
1455	6
1456	1
1457	1
1458	3
1459	0
1460	6
1461	5
1462	0
1463	6
1464	0
1465	2
1466	1
1467	5
1468	0
1469	3
1470	0
1471	0
1472	0
1473	7
1474	2
1475	4
1476	1
1477	6
1478	2
1479	3
1480	1
1481	0
1482	4
1483	1
1484	1
1485	1
1486	0
1487	6
1488	4
1489	1
1490	4
1491	3
1492	6
1493	6
1494	1
1495	7
1496	2
1497	1
1498	2
1499	3
1500	1
1501	3
1502	0
1503	5
1504	7
1505	3
1506	0
1507	5
1508	2
1509	6
1510	3
1511	0
1512	0
1513	6
1514	1
1515	3
1516	6
1517	6
1518	4
1519	6
1520	2
1521	1
1522	4
1523	0
1524	3
1525	5
1526	2
1527	2
1528	1
1529	6
1530	1
1531	1
1532	3
1533	1
1534	6
1535	1
1536	3
1537	1
1538	4
1539	4
1540	3
1541	1
1542	1
1543	3
1544	6
1545	3
1546	2
1547	3
1548	3
1549	1
1550	1
1551	0
1552	6
1553	0
1554	6
1555	2
1556	3
1557	5
1558	6
1559	5
1560	3
1561	6
1562	0
1563	1
1564	1
1565	4
1566	3
1567	4
1568	2
1569	4
1570	6
1571	6
1572	4
1573	1
1574	4
1575	7
1576	0
1577	4
1578	2
1579	0
1580	1
1581	6
1582	4
1583	0
1584	6
1585	3
1586	4
1587	4
1588	6
1589	0
1590	2
1591	7
1592	1
1593	1
1594	3
1595	6
1596	6
1597	2
1598	6
1599	4
1600	1
1601	6
1602	1
1603	6
1604	6
1605	1
1606	6
1607	1
1608	3
1609	4
1610	4
1611	2
1612	4
1613	3
1614	7
1615	7
1616	5
1617	3
1618	5
1619	2
1620	2
1621	6
1622	6
1623	1
1624	2
1625	4
1626	6
1627	1
1628	6
1629	2
1630	2
1631	1
1632	3
1633	1
1634	6
1635	5
1636	6
1637	4
1638	6
1639	1
1640	1
1641	1
1642	1
1643	7
1644	3
1645	7
1646	6
1647	0
1648	1
1649	3
1650	1
1651	3
1652	0
1653	2
1654	0
1655	6
1656	6
1657	1
1658	7
1659	6
1660	6
1661	4
1662	6
1663	6
1664	0
1665	5
1666	4
1667	5
1668	1
1669	1
1670	1
1671	7
1672	6
1673	0
1674	6
1675	0
1676	1
1677	6
1678	0
1679	6
1680	1
1681	2
1682	3
1683	7
1684	6
1685	1
1686	2
1687	2
1688	2
1689	7
1690	4
1691	4
1692	0
1693	6
1694	4
1695	4
1696	1
1697	2
1698	1
1699	2
1700	6
1701	0
1702	3
1703	6
1704	1
1705	4
1706	1
1707	6
1708	1
1709	6
1710	7
1711	3
1712	6
1713	1
1714	1
1715	1
1716	3
1717	3
1718	2
1719	0
1720	2
1721	6
1722	6
1723	1
1724	1
1725	0
1726	1
1727	6
1728	7
1729	7
1730	3
1731	6
1732	1
1733	0
1734	0
1735	4
1736	1
1737	1
1738	0
1739	4
1740	5
1741	3
1742	4
1743	2
1744	6
1745	2
1746	0
1747	6
1748	6
1749	0
1750	0
1751	4
1752	6
1753	1
1754	1
1755	3
1756	3
1757	1
1758	6
1759	7
1760	0
1761	6
1762	3
1763	6
1764	7
1765	2
1766	2
1767	1
1768	5
1769	1
1770	0
1771	1
1772	1
1773	2
1774	6
1775	6
1776	4
1777	6
1778	0
1779	6
1780	2
1781	6
1782	5
1783	1
1784	3
1785	2
1786	6
1787	6
1788	4
1789	6
1790	3
1791	3
1792	6
1793	0
1794	4
1795	2
1796	3
1797	4
1798	1
1799	5
1800	3
1801	0
1802	4
1803	0
1804	6
1805	6
1806	4
1807	5
1808	0
1809	7
1810	4
1811	3
1812	4
1813	5
1814	1
1815	2
1816	0
1817	7
1818	0
1819	4
1820	1
1821	1
1822	0
1823	3
1824	2
1825	0
1826	1
1827	3
1828	0
1829	7
1830	1
1831	0
1832	1
1833	6
1834	4
1835	4
1836	0
1837	0
1838	2
1839	6
1840	1
1841	5
1842	4
1843	0
1844	1
1845	3
1846	0
1847	2
1848	2
1849	5
1850	3
1851	1
1852	1
1853	0
1854	6
1855	6
1856	3
1857	6
1858	4
1859	6
1860	6
1861	6
1862	3
1863	6
1864	1
1865	0
1866	0
1867	0
1868	2
1869	0
1870	3
1871	1
1872	6
1873	0
1874	3
1875	3
1876	2
1877	0
1878	7
1879	6
1880	7
1881	6
1882	6
1883	1
1884	0
1885	6
1886	2
1887	0
1888	4
1889	7
1890	4
1891	6
1892	7
1893	3
1894	6
1895	4
1896	0
1897	2
1898	5
1899	6
1900	5
1901	1
1902	5
1903	2
1904	1
1905	7
1906	0
1907	1
1908	4
1909	0
1910	6
1911	2
1912	6
1913	0
1914	0
1915	1
1916	6
1917	5
1918	4
1919	7
1920	1
1921	1
1922	4
1923	3
1924	6
1925	1
1926	0
1927	4
1928	0
1929	4
1930	3
1931	0
1932	6
1933	5
1934	3
1935	3
1936	6
1937	7
1938	1
1939	6
1940	4
1941	0
1942	6
1943	0
1944	1
1945	1
1946	4
1947	0
1948	3
1949	1
1950	0
1951	2
1952	6
1953	1
1954	7
1955	3
1956	1
1957	7
1958	6
1959	3
1960	4
1961	3
1962	0
1963	6
1964	1
1965	1
1966	4
1967	2
1968	6
1969	7
1970	1
1971	4
1972	2
1973	0
1974	1
1975	1
1976	0
1977	7
1978	6
1979	7
1980	6
1981	6
1982	6
1983	7
1984	0
1985	5
1986	1
1987	0
1988	0
1989	4
1990	0
1991	0
1992	6
1993	6
1994	0
1995	5
1996	1
1997	6
1998	1
1999	2
2000	0
2001	4
2002	4
2003	1
2004	3
2005	3
2006	5
2007	1
2008	6
2009	5
2010	0
2011	1
2012	5
2013	1
2014	5
2015	6
2016	1
2017	1
2018	3
2019	5
2020	1
2021	6
2022	0
2023	4
2024	4
2025	4
2026	6
2027	0
2028	3
2029	6
2030	0
2031	3
2032	6
2033	5
2034	0
2035	0
2036	7
2037	0
2038	6
2039	6
2040	5
2041	4
2042	2
2043	6
2044	0
2045	7
2046	2
2047	6
2048	4
2049	2
2050	1
2051	5
2052	6
2053	0
2054	1
2055	1
2056	0
2057	3
2058	0
2059	0
2060	1
2061	7
2062	0
2063	0
2064	1
2065	4
2066	2
2067	4
2068	7
2069	6
2070	6
2071	1
2072	6
2073	5
2074	7
2075	3
2076	0
2077	0
2078	4
2079	5
2080	4
2081	6
2082	6
2083	0
2084	4
2085	1
2086	0
2087	0
