1.097840595245361328e+01 1.420508766174316406e+01
5.217517614364624023e-01 1.007355594635009766e+01
6.457307338714599609e-01 8.852047920227050781e+00
-6.560544371604919434e-01 8.884538650512695312e+00
-2.069220095872879028e-01 9.463479042053222656e+00
8.449385643005371094e+00 1.118789863586425781e+01
-3.275585770606994629e-01 1.194166278839111328e+01
-7.799808382987976074e-01 6.409762382507324219e+00
1.253792285919189453e+01 1.669873619079589844e+01
5.326964855194091797e+00 -7.461602210998535156e+00
-1.437032699584960938e+00 8.224995613098144531e+00
3.928860187530517578e+00 9.587079048156738281e+00
1.279232406616210938e+01 1.801654815673828125e+01
1.315094852447509766e+01 1.554905414581298828e+01
1.565922927856445312e+01 2.029347038269042969e+01
3.432006835937500000e+00 1.173139476776123047e+01
-1.274377536773681641e+01 -1.279859781265258789e+00
1.711717224121093750e+01 2.032810974121093750e+01
-9.647755026817321777e-01 6.191572189331054688e+00
-1.240341424942016602e+00 1.067905712127685547e+01
2.070346355438232422e+00 9.068561553955078125e+00
-8.858366012573242188e+00 4.351650714874267578e+00
5.950815677642822266e-01 7.090494632720947266e+00
9.655671119689941406e+00 -8.534051179885864258e-01
6.585975170135498047e+00 -3.588718175888061523e+00
-1.539659404754638672e+01 -2.133752441406250000e+01
1.340726971626281738e+00 9.909218788146972656e+00
-7.049418926239013672e+00 4.158864498138427734e+00
-1.021758651733398438e+01 3.015877723693847656e+00
-4.582937717437744141e+00 6.721092224121093750e+00
-5.056994915008544922e+00 5.979592800140380859e+00
-1.369373893737792969e+01 -5.218964576721191406e+00
-8.453660011291503906e+00 5.172400951385498047e+00
-3.798840522766113281e+00 5.238758087158203125e+00
2.315490484237670898e+00 1.031237411499023438e+01
-3.770525932312011719e+00 8.636325836181640625e+00
-7.083787918090820312e+00 3.433893918991088867e+00
-1.337189006805419922e+01 -3.905484914779663086e+00
-1.876762032508850098e+00 7.126364231109619141e+00
-5.140304088592529297e+00 4.766348361968994141e+00
-8.693211555480957031e+00 2.459454774856567383e+00
2.875884532928466797e+00 1.226372146606445312e+01
-1.778869628906250000e+01 -1.517134666442871094e+01
-8.212887763977050781e+00 3.439440250396728516e+00
-2.148829936981201172e+00 5.494424819946289062e+00
1.225951862335205078e+01 1.535392284393310547e+01
1.654192543029785156e+01 1.907124137878417969e+01
-8.509301185607910156e+00 3.843574047088623047e+00
8.856128692626953125e+00 1.445373535156250000e+01
9.994306564331054688e+00 1.599044227600097656e+01
-9.471416473388671875e+00 3.787619829177856445e+00
1.746969795227050781e+01 2.080969429016113281e+01
4.746787071228027344e+00 1.106079196929931641e+01
2.672490835189819336e+00 9.412608146667480469e+00
8.617592811584472656e+00 1.283343124389648438e+01
-1.177737712860107422e+00 1.002242851257324219e+01
-1.595901393890380859e+01 -6.536146640777587891e+00
-1.632260441780090332e+00 9.836819648742675781e+00
-4.638529300689697266e+00 3.992043256759643555e+00
1.014343261718750000e+01 1.713976860046386719e+01
-1.499047946929931641e+01 -6.411410331726074219e+00
-2.054438829421997070e+00 8.980262756347656250e+00
1.018289756774902344e+01 1.593875885009765625e+01
8.877818107604980469e+00 1.559857559204101562e+01
-7.685360431671142578e+00 -1.243751907348632812e+01
7.705440044403076172e+00 1.377473068237304688e+01
1.831227302551269531e+01 2.040699958801269531e+01
-1.357846832275390625e+01 -4.070120811462402344e+00
-1.809905171394348145e-01 -3.437010765075683594e+00
7.880807399749755859e+00 1.091563701629638672e+01
-4.144910812377929688e+00 4.723327159881591797e+00
4.352287769317626953e+00 8.220966339111328125e+00
1.353893280029296875e+01 1.967115211486816406e+01
-6.154559612274169922e+00 -1.869286918640136719e+01
1.233863449096679688e+01 1.762766647338867188e+01
1.501784992218017578e+01 1.580872893333435059e+00
4.163002014160156250e+00 1.207058715820312500e+01
5.455640316009521484e+00 9.068861007690429688e+00
-9.898490905761718750e+00 3.954728364944458008e+00
1.430321311950683594e+01 1.938747215270996094e+01
-6.345771789550781250e+00 -6.727661132812500000e+00
1.668077707290649414e+00 1.083914756774902344e+01
3.940781593322753906e+00 1.007400321960449219e+01
5.174728870391845703e+00 1.132971096038818359e+01
1.105768966674804688e+01 1.705275154113769531e+01
-9.376852035522460938e+00 2.196304798126220703e+00
-1.697105407714843750e+01 -6.832676410675048828e+00
-1.233101129531860352e+00 3.919306993484497070e+00
-1.471538352966308594e+01 -5.947916030883789062e+00
9.601274490356445312e+00 1.472939014434814453e+01
8.157198905944824219e+00 1.468776893615722656e+01
1.150014305114746094e+01 -8.399932861328125000e+00
4.930449008941650391e+00 1.000669384002685547e+01
-7.393090248107910156e+00 4.540604114532470703e+00
1.831689643859863281e+01 1.966477966308593750e+01
-2.104261398315429688e+00 7.793261051177978516e+00
2.140520477294921875e+01 1.852250671386718750e+01
1.138225936889648438e+01 7.823105812072753906e+00
1.521368980407714844e+01 1.464391803741455078e+01
1.764041328430175781e+01 1.513730716705322266e+01
2.055650329589843750e+01 1.614217376708984375e+01
-1.873669242858886719e+01 -1.217165088653564453e+01
2.138306617736816406e+01 2.217339134216308594e+01
1.671244239807128906e+01 1.342408943176269531e+01
1.205921649932861328e+01 1.009419441223144531e+01
1.308930015563964844e+01 1.234641933441162109e+01
1.548612689971923828e+01 1.384590435028076172e+01
1.701248359680175781e+01 1.444187355041503906e+01
2.165936470031738281e+01 2.017366600036621094e+01
2.061664199829101562e+01 2.149983978271484375e+01
2.024612617492675781e+01 1.945850563049316406e+01
1.630320167541503906e+01 1.667106246948242188e+01
-1.703576850891113281e+01 -1.165424823760986328e+01
2.228121948242187500e+01 2.085089683532714844e+01
1.444063663482666016e+01 1.601267623901367188e+01
1.026429367065429688e+01 6.855493068695068359e+00
1.760113835334777832e+00 6.632803440093994141e+00
-1.871088266372680664e+00 -3.628980875015258789e+00
-1.217590928077697754e+00 -2.764706134796142578e+00
1.847123146057128906e+01 1.288919162750244141e+01
1.646085166931152344e+01 1.229010391235351562e+01
7.210907459259033203e+00 4.677598476409912109e+00
1.423852729797363281e+01 1.767177581787109375e+01
8.257567405700683594e+00 1.043458461761474609e+01
8.242966651916503906e+00 9.611113548278808594e+00
1.342812442779541016e+01 1.050319576263427734e+01
1.298722267150878906e+01 1.507789707183837891e+01
1.739052391052246094e+01 1.844314765930175781e+01
1.000927162170410156e+01 8.546713829040527344e+00
1.810988998413085938e+01 1.469714641571044922e+01
1.581425571441650391e+01 1.083797836303710938e+01
1.004703998565673828e+01 9.130961418151855469e+00
1.025587368011474609e+01 1.032629871368408203e+01
-3.991045355796813965e-01 -2.140963554382324219e+00
1.877804565429687500e+01 1.491952705383300781e+01
1.788255310058593750e+01 1.830760002136230469e+01
1.523326873779296875e+01 1.197616863250732422e+01
1.718016242980957031e+01 1.160126495361328125e+01
1.560554885864257812e+01 1.253160285949707031e+01
8.862995147705078125e+00 9.281662940979003906e+00
1.716515159606933594e+01 1.646009635925292969e+01
1.795491218566894531e+01 1.608222007751464844e+01
-1.814101338386535645e-01 -1.991976261138916016e+00
1.436442661285400391e+01 1.082023048400878906e+01
1.903404235839843750e+01 1.946784400939941406e+01
1.818290328979492188e+01 2.115504264831542969e+01
-1.293811559677124023e+00 -8.013616204261779785e-01
2.204295158386230469e+01 2.182991409301757812e+01
1.579135322570800781e+01 1.807436752319335938e+01
1.492845153808593750e+01 1.021158409118652344e+01
1.889208793640136719e+01 1.777391052246093750e+01
2.100982856750488281e+01 2.041670799255371094e+01
9.285302162170410156e+00 8.934372901916503906e+00
1.624084472656250000e+01 1.051440334320068359e+01
1.420381546020507812e+01 1.412481975555419922e+01
1.162222576141357422e+01 9.211830139160156250e+00
1.450374603271484375e+01 1.339931678771972656e+01
1.967785835266113281e+01 1.371840476989746094e+01
1.979648208618164062e+01 1.987546157836914062e+01
1.847444152832031250e+01 2.136685752868652344e+01
1.232742118835449219e+01 7.639451980590820312e+00
2.004962921142578125e+01 1.735078048706054688e+01
2.231614875793457031e+01 2.130741310119628906e+01
-2.511513531208038330e-01 -1.338073134422302246e+00
-1.923130035400390625e+01 -1.196997737884521484e+01
-1.776910662651062012e+00 -3.173827648162841797e+00
1.408186149597167969e+01 1.476403141021728516e+01
3.410286188125610352e+00 7.257297039031982422e+00
2.042821884155273438e+01 2.063979721069335938e+01
7.437052249908447266e+00 8.943974494934082031e+00
2.140847015380859375e+01 2.135788917541503906e+01
2.222478485107421875e+01 1.952552795410156250e+01
1.815464210510253906e+01 1.729990386962890625e+01
2.045219612121582031e+01 1.819702529907226562e+01
2.116117858886718750e+01 1.983474159240722656e+01
-1.292995929718017578e+00 -1.979123115539550781e+00
8.773097038269042969e+00 7.626047611236572266e+00
1.388593292236328125e+01 1.237621307373046875e+01
1.921923255920410156e+01 1.706353187561035156e+01
1.617813491821289062e+01 1.770069694519042969e+01
2.055644607543945312e+01 1.921104621887207031e+01
1.548022842407226562e+01 1.526294803619384766e+01
7.884524345397949219e+00 1.658655548095703125e+01
5.990915298461914062e+00 7.884159564971923828e+00
1.858825492858886719e+01 1.665430450439453125e+01
2.260879278182983398e+00 6.640077590942382812e+00
1.715336799621582031e+01 1.782768821716308594e+01
1.827985954284667969e+01 1.016330146789550781e+01
1.720649147033691406e+01 1.221366691589355469e+01
1.462373161315917969e+01 1.202323722839355469e+01
2.038199806213378906e+01 1.440402412414550781e+01
1.075214195251464844e+01 1.070419883728027344e+01
9.503414154052734375e+00 -4.107282638549804688e+00
-2.394931316375732422e+00 -1.421562576293945312e+01
8.281442642211914062e+00 -6.885591030120849609e+00
-1.031107902526855469e+01 -1.981310844421386719e+01
-3.962908029556274414e+00 -1.285924625396728516e+01
1.095394229888916016e+01 -3.498389005661010742e+00
8.865475654602050781e+00 -3.817313671112060547e+00
1.591085433959960938e+00 -1.040725326538085938e+01
8.742288589477539062e+00 -5.981041908264160156e+00
-1.144185543060302734e+01 -2.067819213867187500e+01
2.514024734497070312e+00 -9.823430061340332031e+00
7.588319301605224609e+00 -7.244302272796630859e+00
1.287999820709228516e+01 -8.138757944107055664e-01
1.247336864471435547e+01 -1.689969778060913086e+00
1.138385105133056641e+01 -1.038438796997070312e+00
9.201799392700195312e+00 -5.103006362915039062e+00
-7.945697784423828125e+00 -1.735497283935546875e+01
9.451171875000000000e+00 -2.784260272979736328e+00
5.672104835510253906e+00 -9.720344543457031250e+00
7.229245305061340332e-01 -1.418708133697509766e+01
-9.948716163635253906e+00 -1.715788078308105469e+01
1.999430537223815918e+00 -1.193761348724365234e+01
-1.799612045288085938e+00 -1.355057144165039062e+01
-1.026809024810791016e+01 -1.996389961242675781e+01
-9.515953063964843750e+00 -2.179539871215820312e+01
-1.606936836242675781e+01 -9.745860099792480469e+00
1.077415180206298828e+01 -1.242540597915649414e+00
-4.534178078174591064e-01 -1.354476547241210938e+01
2.540013313293457031e+00 -1.211963081359863281e+01
1.068310379981994629e+00 -1.284629249572753906e+01
-1.067612266540527344e+01 -1.541472148895263672e+01
5.837385654449462891e+00 -1.094908523559570312e+01
-1.106413269042968750e+01 -1.825485801696777344e+01
-1.181950283050537109e+01 -1.681644058227539062e+01
9.678702354431152344e+00 -5.468255996704101562e+00
3.296426534652709961e+00 -1.188090038299560547e+01
3.609178304672241211e+00 -1.307060813903808594e+01
-8.610984802246093750e+00 -1.608160209655761719e+01
-9.340538084506988525e-02 -1.310867118835449219e+01
1.355181336402893066e+00 -1.028335666656494141e+01
-9.966962814331054688e+00 -1.522252178192138672e+01
-9.635219573974609375e+00 -1.645498085021972656e+01
-5.310046672821044922e+00 -1.373642826080322266e+01
-1.986897110939025879e+00 -1.319503593444824219e+01
-1.130429363250732422e+01 -1.599566078186035156e+01
-1.116862678527832031e+01 -1.601296997070312500e+01
-5.798974633216857910e-01 -1.214488220214843750e+01
8.320418596267700195e-01 -1.188150501251220703e+01
-4.885072231292724609e+00 -1.522976493835449219e+01
1.375705146789550781e+01 -2.805956900119781494e-01
7.251538276672363281e+00 -8.072204589843750000e+00
1.436348915100097656e+01 7.756682634353637695e-01
1.001740550994873047e+01 -4.806924819946289062e+00
-6.540450096130371094e+00 -1.605282211303710938e+01
4.404790401458740234e+00 -1.009913158416748047e+01
-4.900194168090820312e+00 -1.441155815124511719e+01
-9.165462493896484375e+00 -1.749994659423828125e+01
7.185824394226074219e+00 -7.660982608795166016e+00
-3.280628681182861328e+00 -1.374752330780029297e+01
5.300495624542236328e+00 -9.264686584472656250e+00
3.982761859893798828e+00 -1.198902988433837891e+01
-3.954550981521606445e+00 -1.327403545379638672e+01
1.377739238739013672e+01 2.120845764875411987e-01
9.745866775512695312e+00 -1.694404840469360352e+00
-7.998941421508789062e+00 -1.279160022735595703e+01
3.213759422302246094e+00 -1.056428813934326172e+01
1.312252998352050781e+01 -1.436290293931961060e-01
-8.937951087951660156e+00 -1.665091133117675781e+01
-5.460451245307922363e-01 -1.098142433166503906e+01
5.016064167022705078e+00 -1.193915653228759766e+01
5.135981082916259766e+00 -1.042043972015380859e+01
-7.542783737182617188e+00 -1.580588531494140625e+01
1.055276489257812500e+01 -2.194567441940307617e+00
-1.254591464996337891e+00 -1.392231559753417969e+01
8.018497467041015625e+00 -8.170975685119628906e+00
-9.911452531814575195e-01 -1.602895164489746094e+01
1.005666923522949219e+01 -3.125077247619628906e+00
1.004711914062500000e+01 -6.471389293670654297e+00
4.499060630798339844e+00 -9.262804985046386719e+00
5.695267200469970703e+00 -8.927465438842773438e+00
2.027690172195434570e+00 -1.282315826416015625e+01
-4.107088565826416016e+00 -1.430855369567871094e+01
3.472812652587890625e+00 -9.665882110595703125e+00
-1.073244094848632812e+01 -1.727428627014160156e+01
1.072996425628662109e+01 -4.844711303710937500e+00
-1.127815246582031250e+01 -2.050605773925781250e+01
-3.598895311355590820e+00 -1.755640983581542969e+01
-5.530821800231933594e+00 -1.578381538391113281e+01
6.357016563415527344e+00 -1.001206111907958984e+01
-4.984652996063232422e+00 -1.239497661590576172e+01
1.018971323966979980e+00 -1.130338287353515625e+01
-9.448774337768554688e+00 -2.194586753845214844e+01
-1.044598865509033203e+01 -2.783952236175537109e+00
4.963487148284912109e+00 -1.118921089172363281e+01
1.052594375610351562e+01 -4.252319335937500000e+00
3.688641309738159180e+00 -1.093470287322998047e+01
-3.092087984085083008e+00 3.521064996719360352e+00
-9.424472808837890625e+00 -4.913095474243164062e+00
-1.120786666870117188e+01 -1.112883758544921875e+01
-6.599114418029785156e+00 -4.206863880157470703e+00
-2.639354467391967773e+00 7.159581184387207031e-01
-4.531313419342041016e+00 2.405072927474975586e+00
6.052841186523437500e+00 3.692925691604614258e+00
-1.057034587860107422e+01 -5.701715469360351562e+00
-9.019287109375000000e+00 -5.523782253265380859e+00
-1.012856674194335938e+01 -1.150135517120361328e+01
-8.075527191162109375e+00 -2.773874044418334961e+00
-3.689128398895263672e+00 1.490440964698791504e+00
2.811467647552490234e+00 3.724663257598876953e+00
-3.137245655059814453e+00 2.172104835510253906e+00
-6.110581874847412109e+00 -2.586987257003784180e+00
-1.230537033081054688e+01 -8.238590240478515625e+00
-1.614380645751953125e+01 -1.260929775238037109e+01
6.629512310028076172e+00 3.346075296401977539e+00
-1.107855319976806641e+01 -7.279237270355224609e+00
-1.158344841003417969e+01 -8.572468757629394531e+00
-1.137062168121337891e+01 -7.018999099731445312e+00
-1.324617958068847656e+01 -9.773178100585937500e+00
-1.241283893585205078e+01 -1.043126964569091797e+01
-6.040466308593750000e+00 -4.069038391113281250e+00
-8.604060173034667969e+00 -9.195460319519042969e+00
-1.493787479400634766e+01 -2.085858726501464844e+01
-1.021562576293945312e+01 -6.924462318420410156e+00
-1.545556735992431641e+01 -1.558731555938720703e+01
-1.536502456665039062e+01 -1.343469238281250000e+01
-1.699898910522460938e+01 -1.571998023986816406e+01
-9.604145050048828125e+00 -7.482750892639160156e+00
-2.095611572265625000e+00 2.741307258605957031e+00
-1.349335956573486328e+01 -1.113730907440185547e+01
-1.527526664733886719e+01 -1.459423637390136719e+01
-6.429097652435302734e+00 -6.478645205497741699e-01
-1.213228893280029297e+01 -7.551270484924316406e+00
-1.521123981475830078e+01 -1.419712162017822266e+01
-1.182153415679931641e+01 -1.024798202514648438e+01
-1.164850997924804688e+01 -9.302317619323730469e+00
-1.745891380310058594e+01 -1.663557052612304688e+01
-1.600272178649902344e+01 -1.470378112792968750e+01
-1.078057098388671875e+01 -8.710346221923828125e+00
-1.467425537109375000e+01 -1.387027549743652344e+01
-1.294182968139648438e+01 -8.986870765686035156e+00
-1.832317161560058594e+01 -1.725402069091796875e+01
-1.018224906921386719e+01 -5.969529628753662109e+00
8.922167420387268066e-01 3.024610519409179688e+00
-1.015703201293945312e+01 -7.859595298767089844e+00
1.107180237770080566e+00 2.247071743011474609e+00
-9.199759483337402344e+00 -6.939382553100585938e+00
-7.267114639282226562e+00 -3.256121397018432617e+00
8.430046081542968750e+00 2.387414216995239258e+00
-5.453640460968017578e+00 -8.783648014068603516e-01
-6.640557765960693359e+00 -2.203796625137329102e+00
-1.476506710052490234e+00 1.749978065490722656e+00
1.978828549385070801e+00 3.641481637954711914e+00
-1.602187156677246094e+01 -1.639089965820312500e+01
-1.184233093261718750e+01 -6.642565727233886719e+00
-1.653324317932128906e+01 -1.618221855163574219e+01
1.881921887397766113e-01 2.917139291763305664e+00
-1.250135707855224609e+01 -9.555672645568847656e+00
-3.046387672424316406e+00 1.081921100616455078e+00
3.070025920867919922e+00 3.911338329315185547e+00
-1.415175944566726685e-01 4.101213455200195312e+00
-7.032215595245361328e+00 -1.218344211578369141e+01
-5.847563266754150391e+00 -2.801066040992736816e-01
-2.462358713150024414e+00 2.226481199264526367e+00
-1.422653961181640625e+01 -1.203283500671386719e+01
-1.799688148498535156e+01 -1.322932624816894531e+01
-7.852173805236816406e+00 -3.940949440002441406e+00
-1.783024787902832031e+01 -1.792073822021484375e+01
-1.139694976806640625e+01 -9.535096168518066406e+00
8.474205017089843750e+00 2.852918386459350586e+00
-1.654217529296875000e+01 -1.703179168701171875e+01
2.674205780029296875e+00 2.842743635177612305e+00
1.856683850288391113e+00 -7.536600589752197266e+00
-1.311883258819580078e+01 -1.268083381652832031e+01
-1.455428314208984375e+01 -1.456529521942138672e+01
-1.064124226570129395e+00 2.536185741424560547e+00
3.275280952453613281e+00 3.029666662216186523e+00
-1.472805309295654297e+01 -1.848921966552734375e+01
-5.638560295104980469e+00 7.399492263793945312e-01
-5.288306236267089844e+00 1.230766177177429199e+00
-4.368221759796142578e+00 2.004665285348892212e-01
-4.626760005950927734e+00 1.163434028625488281e+00
-1.065199851989746094e+01 -9.723493576049804688e+00
-3.610401391983032227e+00 -1.188226699829101562e+01
-1.714708518981933594e+01 -1.803267288208007812e+01
-7.041126251220703125e+00 2.403702020645141602e+00
-7.263044834136962891e+00 -4.818910598754882812e+00
-1.445746660232543945e+00 2.827763319015502930e+00
1.151227855682373047e+01 -8.587384223937988281e+00
-1.498395347595214844e+01 -1.572828674316406250e+01
-8.633051872253417969e+00 -3.357974767684936523e+00
8.031653404235839844e+00 2.910258769989013672e+00
-1.290379905700683594e+01 -1.197264671325683594e+01
