-1.332430648803710938e+01 -1.324650268554687500e+02
-2.472100067138671875e+01 1.524767456054687500e+02
1.061596603393554688e+02 7.562296390533447266e+00
-8.826697540283203125e+01 8.141512298583984375e+01
-5.743858337402343750e+01 -2.094042015075683594e+01
-1.043427429199218750e+02 -4.459918022155761719e+00
1.118923339843750000e+02 -2.842615318298339844e+01
-1.013855438232421875e+02 6.689245605468750000e+01
-8.759553527832031250e+01 -5.388735771179199219e+00
3.673689270019531250e+01 4.364002990722656250e+01
-1.526960296630859375e+02 3.669914627075195312e+01
-3.554488658905029297e+00 -9.754338073730468750e+01
1.246376800537109375e+01 2.738174057006835938e+01
3.645501327514648438e+01 1.566874790191650391e+01
1.955467987060546875e+01 7.655528068542480469e+00
4.846059799194335938e+01 7.291954040527343750e+01
1.310952148437500000e+02 8.066816711425781250e+01
1.169430923461914062e+01 -3.527633428573608398e+00
9.062654876708984375e+01 8.728080749511718750e+01
1.440849761962890625e+02 -5.579667282104492188e+01
3.932115554809570312e+01 1.139734649658203125e+02
1.077874298095703125e+02 2.420739936828613281e+01
6.989897155761718750e+01 1.391147918701171875e+02
2.672481918334960938e+01 -4.196736907958984375e+01
-4.325499343872070312e+01 7.442563629150390625e+01
2.593097877502441406e+01 -6.531533813476562500e+01
1.304692993164062500e+02 -2.865692329406738281e+01
-8.408856964111328125e+01 2.419152259826660156e+01
-7.177031707763671875e+01 7.498778533935546875e+01
-9.566768646240234375e+01 -3.468897247314453125e+01
-4.697392654418945312e+01 -2.247745990753173828e-01
-2.327437400817871094e+01 -4.086008834838867188e+01
7.877156066894531250e+01 4.292075347900390625e+01
-6.942294311523437500e+01 -5.152581787109375000e+01
-3.524324798583984375e+01 -8.875966644287109375e+01
-2.968435859680175781e+01 1.294266357421875000e+02
-4.590814208984375000e+01 -6.525991058349609375e+01
-2.209046363830566406e+01 -3.062161827087402344e+01
2.981152057647705078e+00 6.216525268554687500e+01
9.217216491699218750e+01 1.055122070312500000e+02
-9.431377410888671875e+01 -9.008342742919921875e+01
1.088902206420898438e+02 4.212540054321289062e+01
1.557598304748535156e+01 -3.946371841430664062e+01
9.206023406982421875e+01 5.013932800292968750e+01
-6.636657714843750000e+01 -1.341288146972656250e+02
4.223712158203125000e+01 -2.396479034423828125e+01
2.859627151489257812e+01 2.223124885559082031e+01
1.235941238403320312e+02 5.614065933227539062e+01
-2.283334922790527344e+01 -5.216454315185546875e+01
-1.002730255126953125e+02 1.892050933837890625e+01
3.556991195678710938e+01 7.131804656982421875e+01
3.128151893615722656e+00 1.478345680236816406e+01
-5.931152725219726562e+01 8.490251159667968750e+01
-8.868220520019531250e+01 -1.199112014770507812e+02
-6.870912909507751465e-01 1.582942810058593750e+02
8.034016418457031250e+01 -4.218636703491210938e+01
-1.469985198974609375e+02 -1.161039638519287109e+01
2.985197067260742188e+00 1.051767196655273438e+02
7.600138092041015625e+01 7.751001739501953125e+01
1.671101760864257812e+01 9.654852294921875000e+01
2.760614967346191406e+01 6.145051956176757812e+01
-1.171128559112548828e+01 1.161034698486328125e+02
2.630296897888183594e+01 1.283011054992675781e+01
3.177592086791992188e+01 -2.397533035278320312e+01
-6.786145019531250000e+01 6.000745773315429688e+01
2.931924247741699219e+01 1.562961578369140625e+02
1.228486061096191406e+01 4.483158111572265625e+00
-1.106594619750976562e+02 -4.112354278564453125e+01
-1.072557525634765625e+02 8.637133026123046875e+01
-1.304011077880859375e+02 4.615221405029296875e+01
3.881587600708007812e+01 5.598950958251953125e+01
6.842973327636718750e+01 2.819246482849121094e+01
7.151373291015625000e+01 9.441211700439453125e+01
1.089173889160156250e+02 8.080683135986328125e+01
-2.619148063659667969e+01 2.318472480773925781e+01
-5.832931137084960938e+01 -6.141533374786376953e+00
2.831320381164550781e+01 1.293037872314453125e+02
1.319389953613281250e+02 -7.748294067382812500e+01
8.588803291320800781e+00 7.182419586181640625e+01
3.458975982666015625e+01 -4.349484443664550781e+00
4.644463729858398438e+01 -5.238234043121337891e+00
-6.274922180175781250e+01 -8.965838623046875000e+01
4.214864349365234375e+01 8.643999481201171875e+01
-2.710965919494628906e+01 9.322628784179687500e+01
-1.239506149291992188e+01 -3.674399948120117188e+01
-1.402492237091064453e+01 4.859914779663085938e+01
-1.777729339599609375e+02 -2.816205749511718750e+02
-4.576749324798583984e+00 -2.009891891479492188e+01
-3.974159622192382812e+01 1.894712829589843750e+01
-4.276665878295898438e+01 1.156074371337890625e+02
-6.787398529052734375e+01 2.016405487060546875e+01
4.556265258789062500e+01 3.593962478637695312e+01
-7.402138519287109375e+01 9.290239715576171875e+01
-1.800769805908203125e+01 -9.417295074462890625e+01
2.369985198974609375e+01 -7.583283901214599609e+00
-1.127667999267578125e+02 1.103968811035156250e+02
-1.642219734191894531e+01 1.082867717742919922e+01
5.070214843750000000e+01 6.013278961181640625e+01
-3.697573900222778320e+00 -8.218577575683593750e+01
-3.463275146484375000e+01 2.818730926513671875e+01
-5.004266738891601562e+01 -1.504089927673339844e+01
-1.120034103393554688e+02 -2.979106903076171875e-01
8.061021804809570312e+00 -1.002828311920166016e+01
-4.359466552734375000e+01 -3.787977218627929688e+01
-1.212810516357421875e+02 6.922479248046875000e+01
2.648557281494140625e+01 5.010172271728515625e+01
-2.181872558593750000e+01 -1.202865791320800781e+01
-3.088817977905273438e+01 -1.204432201385498047e+01
-1.224418878555297852e+00 -3.373967409133911133e+00
-1.333209991455078125e+01 -1.026035308837890625e+01
4.504376411437988281e+00 -2.769640207290649414e+00
4.166078090667724609e+00 -2.531153106689453125e+01
-5.223508834838867188e+00 1.211904734373092651e-01
-6.026348590850830078e+00 -7.026098251342773438e+00
-3.896654510498046875e+01 -1.868738174438476562e+01
-1.306789093017578125e+02 9.070706939697265625e+01
-1.280644683837890625e+02 -3.133012199401855469e+01
-7.863258361816406250e+01 5.117538833618164062e+01
-9.503650665283203125e+01 4.957841873168945312e+01
2.367559623718261719e+01 -3.044535255432128906e+01
-3.542005157470703125e+01 -2.639292240142822266e+00
9.211769866943359375e+01 1.268922271728515625e+02
-1.091199398040771484e+01 1.667152976989746094e+01
-9.976475715637207031e+00 1.346665191650390625e+02
-1.549632263183593750e+02 1.050332832336425781e+01
-5.618348693847656250e+01 5.502682209014892578e+00
4.155981063842773438e+00 -1.728396224975585938e+01
-3.550277948379516602e+00 2.806220436096191406e+01
-1.136136627197265625e+02 3.399094772338867188e+01
1.457749023437500000e+02 -6.817390441894531250e+00
9.719204711914062500e+01 -1.205349349975585938e+02
4.626374435424804688e+01 1.402486572265625000e+02
-6.869301605224609375e+01 -2.387273025512695312e+01
-1.439261169433593750e+02 6.445128631591796875e+01
-2.881158638000488281e+01 5.152566909790039062e+00
-1.354844856262207031e+01 -1.810342597961425781e+01
-3.430715560913085938e+01 -5.705200958251953125e+01
6.347082614898681641e+00 -3.544544219970703125e+01
-2.844403266906738281e+00 -3.168064117431640625e+01
-1.251233673095703125e+02 -1.313454532623291016e+01
1.636149978637695312e+01 -1.098480796813964844e+01
4.314279556274414062e+00 3.204164505004882812e+01
-2.147347211837768555e+00 -4.268608474731445312e+01
-2.155575561523437500e+01 -2.123408126831054688e+01
-1.079371547698974609e+01 -3.069671154022216797e+00
-3.395711898803710938e+00 1.262293720245361328e+01
-7.916892242431640625e+01 -9.973854064941406250e+01
-8.784825325012207031e+00 3.462706089019775391e+00
-1.740566444396972656e+01 2.884167861938476562e+01
-2.478709602355957031e+01 1.301731395721435547e+01
-1.057650756835937500e+01 2.406604766845703125e+01
9.803749084472656250e+00 1.863749694824218750e+01
-1.467419281005859375e+02 -5.883811187744140625e+01
-1.163267211914062500e+02 1.650041580200195312e+01
-2.563779258728027344e+01 3.352148818969726562e+01
-1.504258880615234375e+02 -3.360798645019531250e+01
1.515073108673095703e+01 3.719318771362304688e+01
-1.268154811859130859e+01 9.907003021240234375e+01
7.599524259567260742e-01 -9.338345527648925781e+00
-4.003446578979492188e+00 6.310643672943115234e+00
-4.321947479248046875e+01 3.541902542114257812e+01
-1.822641944885253906e+01 -3.645990371704101562e+00
7.197429180145263672e+00 9.438249588012695312e+00
1.505719757080078125e+02 3.358763885498046875e+01
-8.547334289550781250e+01 -3.219488220214843750e+02
-8.476572418212890625e+01 6.472483825683593750e+01
3.454519271850585938e+01 6.303481578826904297e+00
-3.251092529296875000e+01 5.369134521484375000e+01
5.881018638610839844e+00 3.037353515625000000e+00
5.975793838500976562e+00 1.217342987060546875e+02
-1.635408997535705566e-01 2.483598947525024414e+00
-3.735636138916015625e+01 6.588983535766601562e+00
1.909722137451171875e+01 1.970184135437011719e+01
-3.271625518798828125e+00 1.940870285034179688e+01
-9.268826484680175781e+00 9.883084297180175781e+00
6.160752868652343750e+01 1.596305847167968750e+01
6.539314270019531250e+01 4.221576690673828125e+01
-1.331015396118164062e+01 3.594887733459472656e+00
-2.636510467529296875e+01 -3.715262889862060547e+00
1.856156921386718750e+01 -7.152110338211059570e-01
1.407982921600341797e+01 1.278477573394775391e+01
2.166258621215820312e+01 2.910479545593261719e+01
-7.494585418701171875e+01 -9.615996479988098145e-01
-7.098870086669921875e+01 3.216730880737304688e+01
-3.296415710449218750e+01 1.573962211608886719e+01
-5.705303955078125000e+01 1.253858184814453125e+02
-2.079364395141601562e+01 4.088803291320800781e+00
5.573146438598632812e+01 1.209394302368164062e+02
-1.117403488159179688e+02 5.159268188476562500e+01
-1.659954643249511719e+01 3.865612792968750000e+01
1.427669239044189453e+01 -2.799089050292968750e+01
1.226766891479492188e+02 1.238819122314453125e+01
2.232583427429199219e+01 -9.742886352539062500e+01
2.116045188903808594e+01 7.204251098632812500e+01
5.523751735687255859e+00 -1.259347763061523438e+02
-9.132878875732421875e+01 1.005245590209960938e+02
-4.515426254272460938e+01 -2.689583206176757812e+01
-5.352717971801757812e+01 4.073117828369140625e+01
-1.312847595214843750e+02 -7.971899414062500000e+01
9.728438568115234375e+01 -6.476653289794921875e+01
9.488019943237304688e+00 -8.858223724365234375e+01
5.212444663047790527e-01 7.595455646514892578e+00
-4.827392959594726562e+01 -9.877990722656250000e+01
5.594256973266601562e+01 -1.084772796630859375e+02
-3.030362319946289062e+01 -2.247266387939453125e+01
-7.913952350616455078e+00 3.525904846191406250e+01
-1.180475425720214844e+01 -2.713222503662109375e+01
-5.819601535797119141e+00 5.475952529907226562e+01
-3.395112609863281250e+01 -4.476159667968750000e+01
9.683809661865234375e+01 -1.930664443969726562e+01
1.160382537841796875e+02 1.038009185791015625e+02
-4.562932205200195312e+01 -5.093835067749023438e+01
4.127899932861328125e+01 2.503398132324218750e+01
-7.936193084716796875e+01 1.213863945007324219e+01
1.053628387451171875e+02 -4.777407836914062500e+01
3.296741867065429688e+01 -3.586753082275390625e+01
-4.445933151245117188e+01 8.469267272949218750e+01
5.375985717773437500e+01 -9.130583190917968750e+01
2.694684600830078125e+01 1.744967103004455566e+00
-2.206779861450195312e+01 -8.059975433349609375e+01
8.160176086425781250e+01 2.818203926086425781e+01
-7.337666320800781250e+01 1.404569854736328125e+02
5.487764358520507812e+01 6.483804702758789062e+00
-9.470826721191406250e+01 -5.256190109252929688e+01
-9.373120117187500000e+01 -1.848142814636230469e+01
1.109111557006835938e+02 -9.764954566955566406e+00
1.442648315429687500e+02 5.672816848754882812e+01
-9.221228790283203125e+01 7.395106792449951172e+00
-4.131318664550781250e+01 -1.412862396240234375e+02
-3.385332489013671875e+01 4.057633590698242188e+01
2.735009193420410156e+01 8.419641876220703125e+01
3.686031723022460938e+01 -8.847216033935546875e+01
-8.170642089843750000e+01 -2.916982650756835938e+01
5.028839111328125000e+01 4.739921188354492188e+01
7.749853515625000000e+01 5.902526473999023438e+01
-6.321131515502929688e+01 -7.225345611572265625e+01
-5.675055313110351562e+01 -4.515988159179687500e+01
5.132395172119140625e+01 -2.470204734802246094e+01
3.309733581542968750e+01 3.172455596923828125e+01
5.823047637939453125e+01 8.480992889404296875e+01
-1.270322322845458984e+01 -5.923579406738281250e+01
5.430247306823730469e+00 4.038037872314453125e+01
-1.107294311523437500e+02 -8.012947082519531250e+01
3.686906576156616211e+00 2.337074089050292969e+01
-4.216805267333984375e+01 -9.007347106933593750e+00
-8.209831237792968750e+01 -4.438735580444335938e+01
-1.104287261962890625e+02 -6.074225234985351562e+01
6.346841812133789062e+01 5.499480819702148438e+01
-3.149136352539062500e+01 6.575719451904296875e+01
-1.112666244506835938e+02 -1.052852783203125000e+02
-3.474675416946411133e+00 7.674600219726562500e+01
1.131686019897460938e+02 -6.897552490234375000e+01
5.432567977905273438e+01 -1.442784729003906250e+02
-2.026957321166992188e+01 5.817467498779296875e+01
-1.852472305297851562e+01 1.926019096374511719e+01
3.922621917724609375e+01 -4.668196487426757812e+01
-2.740775451660156250e+02 -1.910412445068359375e+02
9.073536682128906250e+01 6.866031646728515625e+01
1.251498317718505859e+01 -1.855444908142089844e+01
-1.216384315490722656e+01 -7.190101623535156250e+01
-8.276608276367187500e+01 3.838993835449218750e+01
-9.288000488281250000e+01 -6.998728179931640625e+01
8.275236511230468750e+01 -2.442695808410644531e+01
7.507199096679687500e+01 1.610303306579589844e+01
5.898614120483398438e+01 -3.880693674087524414e+00
-3.515195465087890625e+01 -7.360320281982421875e+01
1.891988563537597656e+01 -5.174901580810546875e+01
-6.533256530761718750e+01 -8.912015914916992188e+00
7.908706188201904297e+00 -4.772518920898437500e+01
-7.749729919433593750e+01 -7.986588287353515625e+01
-1.091820068359375000e+02 -2.273571777343750000e+01
1.423328704833984375e+02 1.407001972198486328e+01
1.149929618835449219e+01 1.397851715087890625e+02
-5.782423782348632812e+01 1.024445343017578125e+02
1.217135906219482422e+01 8.389242553710937500e+01
-3.815503358840942383e+00 4.371976089477539062e+01
-3.997111618518829346e-01 9.021340942382812500e+01
7.767697906494140625e+01 -3.436117553710937500e+02
1.432921447753906250e+02 -2.900853576660156250e+02
-4.674250411987304688e+01 1.129756355285644531e+01
1.528789215087890625e+02 -3.068484497070312500e+01
-1.511236953735351562e+01 8.380233764648437500e+01
-1.620933532714843750e+01 -1.535185241699218750e+02
5.556992721557617188e+01 3.412974548339843750e+01
-6.870568084716796875e+01 -3.701287460327148438e+01
1.567086315155029297e+01 4.762528991699218750e+01
7.196444702148437500e+01 1.120876617431640625e+02
-9.178654479980468750e+01 1.232596511840820312e+02
6.316709518432617188e+01 -7.552964019775390625e+01
6.883122253417968750e+01 4.005008697509765625e+00
3.535238265991210938e+01 -7.324658966064453125e+01
7.466963195800781250e+01 -1.077182922363281250e+02
8.598308563232421875e+00 -1.076721649169921875e+02
-1.315436859130859375e+02 5.017494678497314453e+00
1.233435211181640625e+02 -4.845076751708984375e+01
-6.678245544433593750e+01 8.025376319885253906e+00
-6.600616455078125000e+01 4.451094436645507812e+01
1.060762863159179688e+02 6.105297088623046875e+01
9.486496734619140625e+01 -8.162869262695312500e+01
-2.912042808532714844e+01 -1.221520767211914062e+02
1.048889255523681641e+01 -1.480576019287109375e+02
9.211596679687500000e+01 -9.852347564697265625e+01
-3.059494400024414062e+01 -1.046715316772460938e+02
-5.581491088867187500e+01 -3.300944519042968750e+01
-9.201817512512207031e+00 6.566200256347656250e+01
4.008968734741210938e+01 -1.360521030426025391e+01
-5.654580688476562500e+01 6.887509918212890625e+01
2.558748245239257812e+01 3.922229766845703125e+01
-6.456040954589843750e+01 -1.106611633300781250e+02
-1.241571903228759766e-01 -6.733493804931640625e+01
2.284739875793457031e+01 -8.076987457275390625e+01
7.019788360595703125e+01 -9.805330276489257812e+00
-7.803757476806640625e+01 -6.273184585571289062e+01
8.362593841552734375e+01 -5.947581863403320312e+01
-5.544210052490234375e+01 5.387450027465820312e+01
-1.962381935119628906e+01 7.107575225830078125e+01
1.273674545288085938e+02 -7.587117671966552734e+00
-5.599398803710937500e+01 1.775931549072265625e+01
4.546216964721679688e+01 -3.606029129028320312e+01
-1.216202831268310547e+01 -4.743044281005859375e+01
2.967787170410156250e+01 -1.383485412597656250e+02
-4.769027709960937500e+01 2.570152473449707031e+01
-4.720772171020507812e+01 1.454115600585937500e+02
9.191723632812500000e+01 1.609908294677734375e+01
-7.800715637207031250e+01 -1.513031673431396484e+01
-1.330853729248046875e+02 2.544077110290527344e+01
7.847444915771484375e+01 -7.280897521972656250e+01
-1.228236317634582520e+00 -5.483376693725585938e+01
-5.798192596435546875e+01 -5.944506454467773438e+01
6.461199951171875000e+01 -4.605577087402343750e+01
-4.938416290283203125e+01 -8.009540557861328125e+01
1.139558792114257812e+01 -7.371549987792968750e+01
2.991091918945312500e+02 -1.104105911254882812e+02
1.536984252929687500e+01 5.932737731933593750e+01
6.439603424072265625e+01 -2.063946342468261719e+01
5.667672348022460938e+01 -6.142745208740234375e+01
3.765082168579101562e+01 -1.047128982543945312e+02
-2.441173744201660156e+01 -6.556519317626953125e+01
4.862285614013671875e+01 -7.586726379394531250e+01
2.183987426757812500e+01 -1.969424819946289062e+01
-1.170976638793945312e+01 -1.122820587158203125e+02
4.810710906982421875e+01 1.611205673217773438e+01
6.342235565185546875e+01 6.947498321533203125e+01
8.249600982666015625e+01 4.532312393188476562e+00
4.407392501831054688e+01 4.999470710754394531e+00
1.134345817565917969e+01 -6.085819244384765625e+01
-2.457685852050781250e+01 4.574631118774414062e+01
7.144982147216796875e+01 -3.123067665100097656e+01
3.063358497619628906e+01 -5.456034851074218750e+01
3.301688766479492188e+01 9.882762908935546875e+01
2.383793640136718750e+01 -1.172979049682617188e+02
-3.334724807739257812e+01 -3.260463714599609375e+01
-9.714177703857421875e+01 3.360053253173828125e+01
-7.334762573242187500e+01 1.128506851196289062e+02
8.260578155517578125e+01 -1.010854339599609375e+01
-5.857702636718750000e+01 3.014014053344726562e+01
-4.406945419311523438e+01 6.082322311401367188e+01
7.235951232910156250e+01 -8.978771972656250000e+01
2.894950866699218750e+02 -1.874148712158203125e+02
1.262992477416992188e+02 3.353521728515625000e+01
9.398046112060546875e+01 3.358604812622070312e+01
5.372175216674804688e+00 5.108008956909179688e+01
5.862015914916992188e+01 -3.452373886108398438e+01
5.242716598510742188e+01 1.009254455566406250e+02
5.284588623046875000e+01 -2.829756469726562500e+02
9.436890411376953125e+01 -3.594101333618164062e+01
1.154376068115234375e+02 -9.592788696289062500e+01
7.091172790527343750e+01 -5.787771224975585938e+01
5.373572540283203125e+01 -1.370699596405029297e+01
-2.656438636779785156e+01 1.092959289550781250e+02
2.089159584045410156e+01 1.121058120727539062e+02
4.279482269287109375e+01 -6.075795364379882812e+01
7.137992095947265625e+01 -1.282588195800781250e+02
-2.966675186157226562e+01 7.964752197265625000e+01
-1.270962600708007812e+02 -5.169690322875976562e+01
-5.129799365997314453e+00 -1.463315391540527344e+01
-4.764066696166992188e+01 -1.182085494995117188e+02
-4.157246780395507812e+01 9.913514709472656250e+01
5.143017959594726562e+01 -4.824563217163085938e+01
5.463985443115234375e+01 2.700600433349609375e+01
-4.335588836669921875e+01 4.809286117553710938e+01
4.421508407592773438e+01 -1.232995986938476562e+02
2.975158119201660156e+01 -1.393832588195800781e+01
9.531320190429687500e+01 -3.053266763687133789e+00
