3.908355236053466797e+00 4.746547222137451172e+00
4.313143730163574219e+00 4.660148620605468750e+00
6.317380905151367188e+00 2.880730628967285156e+00
4.612740993499755859e+00 5.582628726959228516e+00
5.715691566467285156e+00 1.555146813392639160e+00
6.853016853332519531e+00 1.407059955596923828e+01
1.075197029113769531e+01 6.207625389099121094e+00
1.030182838439941406e+01 6.145579218864440918e-01
6.914691925048828125e+00 3.333178997039794922e+00
1.083395195007324219e+01 -6.738920807838439941e-01
5.197576999664306641e+00 7.430672645568847656e-01
4.635180950164794922e+00 2.382208347320556641e+00
6.107239723205566406e+00 4.917418956756591797e+00
7.440232753753662109e+00 3.528120040893554688e+00
8.373257637023925781e+00 3.965483188629150391e+00
7.027940750122070312e+00 2.218816518783569336e+00
1.120361924171447754e+00 4.734338760375976562e+00
7.269592285156250000e+00 4.519742488861083984e+00
7.710170745849609375e+00 1.105631589889526367e+00
6.270483016967773438e+00 8.742054939270019531e+00
9.235203742980957031e+00 6.636994481086730957e-01
1.229518222808837891e+01 2.473902106285095215e-01
3.675145864486694336e+00 1.219275593757629395e+00
5.739707946777343750e+00 7.471918582916259766e+00
2.783045053482055664e+00 5.313725471496582031e+00
1.945114135742187500e+01 1.275754833221435547e+01
4.924165725708007812e+00 3.826067447662353516e+00
2.090259075164794922e+00 3.359610319137573242e+00
4.264164924621582031e+00 -2.498785257339477539e+00
4.432093620300292969e+00 -2.333900928497314453e+00
8.324481964111328125e+00 5.069782137870788574e-01
9.079427719116210938e+00 -1.128024458885192871e+00
8.438238143920898438e+00 -1.827030301094055176e+00
8.138471603393554688e+00 4.526237249374389648e-01
1.180329895019531250e+01 3.071802616119384766e+00
1.055813026428222656e+01 7.253894209861755371e-01
7.642852306365966797e+00 -5.037505626678466797e-01
1.023671627044677734e+01 -2.073538541793823242e+00
9.618993759155273438e+00 3.242325782775878906e-01
2.924907922744750977e+00 3.818041563034057617e+00
-6.663631796836853027e-01 6.124253749847412109e+00
6.367946147918701172e+00 2.145740985870361328e+00
-2.779312610626220703e+00 1.805617094039916992e+00
1.037193012237548828e+01 1.193403266370296478e-02
8.293644189834594727e-01 2.175104141235351562e+00
8.800480842590332031e+00 3.376928091049194336e+00
1.228512954711914062e+01 4.617731571197509766e+00
7.104824542999267578e+00 -5.829744338989257812e-01
4.790799140930175781e+00 4.529085636138916016e+00
5.270499706268310547e+00 3.006617307662963867e+00
6.460069656372070312e+00 2.399499714374542236e-01
6.925090789794921875e+00 4.348788261413574219e+00
6.070033073425292969e+00 3.883049964904785156e+00
6.119571208953857422e+00 1.410790562629699707e+00
9.740524291992187500e+00 2.105679988861083984e+00
7.756650924682617188e+00 6.723291397094726562e+00
2.595226526260375977e+00 -2.804123163223266602e+00
8.802600860595703125e+00 1.369010567665100098e+00
3.912499189376831055e+00 2.999448537826538086e+00
1.030720233917236328e+01 6.527188301086425781e+00
6.543953895568847656e+00 -2.006873846054077148e+00
2.948140859603881836e+00 2.528181374073028564e-01
5.782873153686523438e+00 4.644933223724365234e+00
5.488538265228271484e+00 3.625275850296020508e+00
2.535379886627197266e+00 -3.345416545867919922e+00
6.371068000793457031e+00 5.059487819671630859e+00
1.053617000579833984e+01 1.014413928985595703e+01
6.352125644683837891e+00 -1.808641433715820312e+00
-7.400910258293151855e-01 6.242053985595703125e+00
8.590123176574707031e+00 5.870015144348144531e+00
-7.868862152099609375e-01 1.136974468827247620e-01
1.104738807678222656e+01 2.308667421340942383e+00
4.999922752380371094e+00 -3.183222115039825439e-01
2.001652479171752930e+00 3.936009883880615234e+00
6.390666961669921875e+00 6.010736465454101562e+00
1.574509811401367188e+01 7.808594703674316406e+00
8.911107063293457031e+00 2.559959411621093750e+00
8.469440460205078125e+00 2.069223165512084961e+00
3.744876146316528320e+00 7.109816074371337891e-01
9.806098937988281250e+00 6.874221801757812500e+00
2.105969905853271484e+00 -4.003007411956787109e+00
6.734708786010742188e+00 1.661510467529296875e+00
8.907821655273437500e+00 2.014587879180908203e+00
5.524328231811523438e+00 -1.041099071502685547e+00
8.167438507080078125e+00 3.429670095443725586e+00
9.858929634094238281e+00 -1.879298329353332520e+00
7.456387042999267578e+00 -4.338953495025634766e+00
4.021521568298339844e+00 6.817925453186035156e+00
1.602875947952270508e+00 8.806943297386169434e-01
4.265400886535644531e+00 -6.811589002609252930e-01
8.197512626647949219e+00 4.668719768524169922e+00
3.777616262435913086e+00 8.019239425659179688e+00
2.614475727081298828e+00 2.725239276885986328e+00
7.399670600891113281e+00 6.178743243217468262e-01
1.255785942077636719e+01 9.020760536193847656e+00
6.799406528472900391e+00 -5.223293229937553406e-02
1.607388496398925781e+01 1.405962753295898438e+01
1.125252819061279297e+01 1.840681076049804688e+01
1.526455020904541016e+01 1.713523292541503906e+01
1.782213401794433594e+01 1.578360176086425781e+01
1.241443538665771484e+01 8.781873703002929688e+00
-5.405988216400146484e+00 7.324913024902343750e+00
1.291746234893798828e+01 9.541281700134277344e+00
1.456212997436523438e+01 1.610788536071777344e+01
1.609210395812988281e+01 1.107859706878662109e+01
1.585109329223632812e+01 1.814908981323242188e+01
1.519067287445068359e+01 1.555213165283203125e+01
1.565347194671630859e+01 1.490315151214599609e+01
1.414849567413330078e+01 1.235795974731445312e+01
1.438180637359619141e+01 1.264744949340820312e+01
1.301709270477294922e+01 1.450024318695068359e+01
1.338717842102050781e+01 1.629906082153320312e+01
-2.035831928253173828e+00 7.972956180572509766e+00
1.447224330902099609e+01 1.369737625122070312e+01
1.280071163177490234e+01 1.570324230194091797e+01
6.500275611877441406e+00 9.389203071594238281e+00
8.980867385864257812e+00 1.769025039672851562e+01
1.318478775024414062e+01 3.270575702190399170e-01
1.348375034332275391e+01 2.121605873107910156e+01
1.710821151733398438e+01 1.395343685150146484e+01
1.677175140380859375e+01 1.610844230651855469e+01
1.904724884033203125e+01 1.304217910766601562e+01
1.191782093048095703e+01 1.240491294860839844e+01
1.646145820617675781e+01 1.720791625976562500e+01
1.047011470794677734e+01 1.655850601196289062e+01
1.084382820129394531e+01 1.629721260070800781e+01
1.116208934783935547e+01 1.730091667175292969e+01
1.259810543060302734e+01 1.453361797332763672e+01
9.473442077636718750e+00 1.655775642395019531e+01
1.638467788696289062e+01 1.535965442657470703e+01
1.009488010406494141e+01 2.152133178710937500e+01
1.020487880706787109e+01 1.808117866516113281e+01
1.356949424743652344e+01 1.716624641418457031e+01
8.079993247985839844e+00 1.823560142517089844e+01
1.255527210235595703e+01 1.715518379211425781e+01
1.377729129791259766e+01 1.523782062530517578e+01
1.725307655334472656e+01 1.520417594909667969e+01
1.050880718231201172e+01 1.518387985229492188e+01
9.918294906616210938e+00 1.140963077545166016e+01
1.065572166442871094e+01 1.749847984313964844e+01
1.344675540924072266e+01 1.904765892028808594e+01
1.200136566162109375e+01 1.590162467956542969e+01
1.078075981140136719e+01 1.919592285156250000e+01
1.416376876831054688e+01 1.621943092346191406e+01
1.222814941406250000e+01 1.231986713409423828e+01
1.277550506591796875e+01 1.367175102233886719e+01
1.595049762725830078e+01 1.054951572418212891e+01
1.340288352966308594e+01 1.329584121704101562e+01
1.201970195770263672e+01 1.527642917633056641e+01
1.113090610504150391e+01 1.558879947662353516e+01
1.181167697906494141e+01 1.300886249542236328e+01
1.005785083770751953e+01 1.361255455017089844e+01
9.530024528503417969e+00 1.431906509399414062e+01
1.334221172332763672e+01 1.903040885925292969e+01
1.440094566345214844e+01 1.693150138854980469e+01
1.009839630126953125e+01 2.149746704101562500e+01
1.194240474700927734e+01 1.700315666198730469e+01
1.743182754516601562e+01 1.076036643981933594e+01
1.390793418884277344e+01 1.413690853118896484e+01
1.255804634094238281e+01 1.348041343688964844e+01
1.674496459960937500e+01 1.054963397979736328e+01
1.533872222900390625e+01 1.304168987274169922e+01
1.413856792449951172e+01 1.175669765472412109e+01
9.151394844055175781e+00 1.756078147888183594e+01
-2.007987260818481445e+00 7.905756473541259766e+00
5.099444866180419922e+00 1.159655094146728516e+01
1.125800895690917969e+01 1.087301826477050781e+01
1.110669231414794922e+01 1.902905845642089844e+01
1.483052730560302734e+01 1.325622940063476562e+01
7.353334903717041016e+00 1.435556221008300781e+01
1.336013603210449219e+01 1.298838329315185547e+01
1.576313018798828125e+01 7.890318870544433594e+00
1.106665420532226562e+01 1.455994129180908203e+01
1.377825736999511719e+01 1.395139408111572266e+01
1.371287631988525391e+01 1.267890644073486328e+01
8.291998863220214844e+00 1.732861328125000000e+01
1.523762226104736328e+01 1.919631958007812500e+01
1.542973995208740234e+01 1.598278045654296875e+01
1.345388698577880859e+01 1.614125442504882812e+01
1.485525417327880859e+01 1.489660549163818359e+01
1.150617313385009766e+01 1.369711875915527344e+01
1.307351207733154297e+01 1.757149124145507812e+01
7.599431514739990234e+00 1.650941658020019531e+01
1.731452941894531250e+01 1.744787216186523438e+01
1.099441432952880859e+01 1.200993537902832031e+01
1.331904315948486328e+01 2.054603385925292969e+01
1.304874897003173828e+01 1.213059997558593750e+01
1.837378692626953125e+01 1.625402069091796875e+01
1.725793075561523438e+01 1.602837562561035156e+01
1.622600173950195312e+01 1.491159439086914062e+01
1.944005012512207031e+01 1.520919704437255859e+01
1.512260627746582031e+01 1.786081886291503906e+01
-6.456261634826660156e+00 -2.260956764221191406e+01
-1.117462253570556641e+01 -1.938768768310546875e+01
-8.704835891723632812e+00 -2.275742340087890625e+01
-9.796593666076660156e+00 -1.482075881958007812e+01
-1.346292114257812500e+01 -2.009011077880859375e+01
-9.165412902832031250e+00 -2.672811126708984375e+01
-8.074527740478515625e+00 -2.367052841186523438e+01
-8.993572235107421875e+00 -2.152186584472656250e+01
-1.037876510620117188e+01 -2.512300872802734375e+01
-9.318303108215332031e+00 -1.205042934417724609e+01
-1.335063934326171875e+01 -2.147517395019531250e+01
-1.046309375762939453e+01 -2.385034751892089844e+01
-6.561479091644287109e+00 -2.427323150634765625e+01
-8.532236099243164062e+00 -2.390564918518066406e+01
-5.703803539276123047e+00 -2.346697998046875000e+01
-1.022560405731201172e+01 -2.466148948669433594e+01
-1.515089225769042969e+01 -1.713290405273437500e+01
-6.598726272583007812e+00 -2.394443130493164062e+01
-1.057308483123779297e+01 -2.151877212524414062e+01
-8.604230880737304688e+00 -1.728236961364746094e+01
-1.310444068908691406e+01 -1.872463417053222656e+01
-1.231721496582031250e+01 -2.153935241699218750e+01
-1.367573928833007812e+01 -2.354439735412597656e+01
-9.435024261474609375e+00 -1.329496288299560547e+01
-1.116996860504150391e+01 -1.467516708374023438e+01
-5.654013156890869141e+00 -2.601972770690917969e+01
-9.247256278991699219e+00 -2.406692695617675781e+01
-1.144170284271240234e+01 -2.259401130676269531e+01
-1.071844291687011719e+01 -2.608055686950683594e+01
-1.127537822723388672e+01 -2.140134239196777344e+01
-1.193041801452636719e+01 -1.854112625122070312e+01
-1.168334102630615234e+01 -2.509290122985839844e+01
-1.385789966583251953e+01 -1.712188720703125000e+01
-1.184706878662109375e+01 -1.845877838134765625e+01
-6.288112640380859375e+00 -2.126025009155273438e+01
-1.042626571655273438e+01 -2.682072067260742188e+01
-1.010124301910400391e+01 -2.001275444030761719e+01
-1.431651020050048828e+01 -2.005620384216308594e+01
-8.858288764953613281e+00 -2.090338516235351562e+01
-1.074627590179443359e+01 -1.695799255371093750e+01
-1.119525051116943359e+01 -1.595286941528320312e+01
-1.422897911071777344e+01 -1.769339179992675781e+01
-6.692919731140136719e+00 -1.944567871093750000e+01
-9.567082405090332031e+00 -2.121842575073242188e+01
-1.304931449890136719e+01 -1.684199142456054688e+01
-1.462860298156738281e+01 -2.274112129211425781e+01
-7.744043350219726562e+00 -2.093890190124511719e+01
-9.119367599487304688e+00 -2.030757141113281250e+01
-9.311317443847656250e+00 -1.406472301483154297e+01
-7.154593467712402344e+00 -2.548936653137207031e+01
-8.475681304931640625e+00 -2.321341705322265625e+01
-8.541610717773437500e+00 -2.476713752746582031e+01
-1.037789344787597656e+01 -2.372094154357910156e+01
-1.025257110595703125e+01 -1.839703559875488281e+01
-7.474596023559570312e+00 -2.210597991943359375e+01
-1.162170696258544922e+01 -2.064734077453613281e+01
-1.510631656646728516e+01 -1.722112655639648438e+01
-9.505374908447265625e+00 -2.353915405273437500e+01
-1.236389827728271484e+01 -2.301436805725097656e+01
-6.313600063323974609e+00 -2.502203369140625000e+01
-8.173175811767578125e+00 -2.157599067687988281e+01
-1.249198150634765625e+01 -2.178357124328613281e+01
-8.972202301025390625e+00 -2.494538497924804688e+01
-7.328060150146484375e+00 -2.278884696960449219e+01
-2.212146222591400146e-01 -5.753623008728027344e+00
-1.228256988525390625e+01 -2.511149787902832031e+01
-7.886266231536865234e+00 -2.466495704650878906e+01
-1.427231693267822266e+01 -1.785156822204589844e+01
-1.452782440185546875e+01 -2.428207397460937500e+01
-1.224275779724121094e+01 -2.641438293457031250e+01
-1.255915737152099609e+01 -2.482743644714355469e+01
-1.056823444366455078e+01 -1.875364303588867188e+01
-7.223000049591064453e+00 -2.371987533569335938e+01
-1.105338096618652344e+01 -2.065724182128906250e+01
-6.065663814544677734e+00 -2.582606887817382812e+01
-8.970206260681152344e+00 -2.878651237487792969e+01
-8.266483306884765625e+00 -2.419470596313476562e+01
-1.162118053436279297e+01 -2.416454696655273438e+01
-1.134141731262207031e+01 -2.374354171752929688e+01
-9.881525039672851562e+00 -2.638353538513183594e+01
-1.078574562072753906e+01 -2.557010841369628906e+01
-1.158069324493408203e+01 -1.790822219848632812e+01
-9.094501495361328125e+00 -2.238844871520996094e+01
-1.240211963653564453e+01 -1.834515190124511719e+01
-1.026222705841064453e+01 -2.487371444702148438e+01
-1.142953777313232422e+01 -1.423130035400390625e+01
-3.801626205444335938e+00 -9.199304580688476562e+00
-9.629702568054199219e+00 -1.479157924652099609e+01
-1.070085334777832031e+01 -2.301261329650878906e+01
-1.446973037719726562e+01 -2.038911628723144531e+01
-1.106539249420166016e+01 -2.306355285644531250e+01
-9.500988960266113281e+00 -1.262945461273193359e+01
-1.012164115905761719e+01 -1.728442955017089844e+01
-9.423324584960937500e+00 -2.281911087036132812e+01
-6.710934162139892578e+00 -2.471334648132324219e+01
-1.196659183502197266e+01 -2.135341644287109375e+01
-1.073530864715576172e+01 -7.503337264060974121e-01
-1.043883323669433594e+01 2.220763683319091797e+00
-1.313558578491210938e+01 -2.801966965198516846e-01
-8.330098152160644531e+00 1.895904242992401123e-01
-7.848472595214843750e+00 -2.087630987167358398e+00
-6.638690948486328125e+00 7.338334083557128906e+00
3.483926296234130859e+00 7.232484817504882812e+00
-1.384411811828613281e+01 3.330005168914794922e+00
-1.120963668823242188e+01 1.679174304008483887e+00
-1.411731243133544922e+01 1.832552105188369751e-01
-1.140788078308105469e+01 -2.508138716220855713e-01
-9.079195022583007812e+00 3.015130043029785156e+00
-8.481097221374511719e+00 1.736396551132202148e+00
-1.111014080047607422e+01 2.783966541290283203e+00
-9.211866378784179688e+00 8.642084002494812012e-01
-1.246450996398925781e+01 2.020244449377059937e-01
-5.832445144653320312e+00 6.480190753936767578e+00
-9.485562324523925781e+00 -5.675888061523437500e-01
-1.258002567291259766e+01 3.595654964447021484e+00
-5.828657627105712891e+00 6.802101731300354004e-01
-1.390682029724121094e+01 1.828676939010620117e+00
-1.497176456451416016e+01 4.502235412597656250e+00
-5.391790390014648438e+00 2.732336044311523438e+00
-5.611000061035156250e+00 3.489033579826354980e-01
-1.331365680694580078e+01 -2.920565605163574219e+00
-7.836856842041015625e+00 -8.121272087097167969e+00
-1.295298671722412109e+01 1.622968196868896484e+00
-1.419484043121337891e+01 -3.943116903305053711e+00
-1.635227012634277344e+01 1.127748042345046997e-01
-1.622635650634765625e+01 2.618341445922851562e-01
-1.343501472473144531e+01 2.499866008758544922e+00
-8.942231178283691406e+00 -3.068850040435791016e-01
-1.465502452850341797e+01 1.494337201118469238e+00
-1.612639999389648438e+01 2.786555051803588867e+00
-1.031431961059570312e+01 -4.349095821380615234e+00
-1.416455173492431641e+01 3.516097307205200195e+00
-1.488386631011962891e+01 2.776603698730468750e+00
-1.344969558715820312e+01 4.902437686920166016e+00
-1.449819755554199219e+01 2.928389072418212891e+00
-1.545335865020751953e+01 -2.244033098220825195e+00
-1.625530815124511719e+01 -1.755223393440246582e+00
-1.202369117736816406e+01 3.481975078582763672e+00
-3.626643896102905273e+00 1.848788976669311523e+00
-1.402422428131103516e+01 2.898369073867797852e+00
-1.610490989685058594e+01 -2.077997207641601562e+00
-1.029735088348388672e+01 3.565442085266113281e+00
-1.211031341552734375e+01 1.464298486709594727e+00
-1.355760288238525391e+01 2.266158819198608398e+00
-7.863415241241455078e+00 -7.303029894828796387e-01
-5.868026256561279297e+00 2.835193395614624023e+00
-1.166952133178710938e+01 6.804885864257812500e-01
-8.643391609191894531e+00 3.054794073104858398e-01
-1.000986766815185547e+01 1.277491092681884766e+00
-1.269557666778564453e+01 7.340153455734252930e-01
-9.740859985351562500e+00 3.688164651393890381e-01
-6.286052227020263672e+00 3.140172481536865234e+00
-5.573402881622314453e+00 4.534327030181884766e+00
-1.430181789398193359e+01 1.537521362304687500e+00
-1.483835411071777344e+01 -1.438894629478454590e+00
-9.059279441833496094e+00 -3.499668121337890625e+00
-1.441898822784423828e+01 2.287618160247802734e+00
-1.076178169250488281e+01 -2.176650762557983398e+00
-9.659319877624511719e+00 -3.473655283451080322e-01
-1.031791210174560547e+01 1.622322797775268555e-01
-1.174077838659286499e-01 -5.512798309326171875e+00
-7.037991523742675781e+00 1.169550657272338867e+00
-9.798480033874511719e+00 1.371663451194763184e+00
-1.554814243316650391e+01 2.096185207366943359e+00
-1.664514732360839844e+01 -5.840506553649902344e-01
-8.247437477111816406e+00 3.564960956573486328e+00
-5.076738357543945312e+00 -4.120669960975646973e-01
-1.582357120513916016e+01 3.493954420089721680e+00
-8.791798591613769531e+00 -1.530784487724304199e+00
-1.440415191650390625e+01 -4.437948703765869141e+00
-8.597698211669921875e+00 1.029591917991638184e+00
-9.152358055114746094e+00 -2.791968345642089844e+01
-1.613232040405273438e+01 1.540225744247436523e+00
-1.577315998077392578e+01 1.499607443809509277e+00
-6.755869865417480469e+00 3.035476446151733398e+00
-9.111027717590332031e+00 1.736514210700988770e+00
7.525423169136047363e-01 -4.679903030395507812e+00
-1.139532566070556641e+01 -1.648009061813354492e+00
-1.167914295196533203e+01 2.021446466445922852e+00
-1.101035594940185547e+01 3.431764990091323853e-02
-8.912016868591308594e+00 3.016864776611328125e+00
-1.707552909851074219e+01 1.975586533546447754e+00
-3.768843889236450195e+00 -8.999908447265625000e+00
-1.421063518524169922e+01 -4.230497837066650391e+00
1.249800552614033222e-03 1.696686983108520508e+00
-1.142489147186279297e+01 4.373787403106689453e+00
-1.025371932983398438e+01 9.220694303512573242e-01
-7.939297676086425781e+00 -4.603469848632812500e+00
-1.313740253448486328e+01 -2.888636350631713867e+00
-1.018674468994140625e+01 2.398780822753906250e+00
1.797305107116699219e+01 1.339366149902343750e+01
-1.255197238922119141e+01 -3.432928323745727539e-01
