-6.769899368286132812e+00 -4.315816760063171387e-01
-6.090216159820556641e+00 2.788100719451904297e+00
-4.875050067901611328e+00 -4.709098815917968750e+00
-9.173285484313964844e+00 -6.232725143432617188e+00
-7.749470233917236328e+00 2.992680311203002930e+00
1.196423530578613281e+00 1.448830699920654297e+01
-9.345302581787109375e+00 3.678914070129394531e+00
-7.521400928497314453e+00 1.235283946990966797e+01
-4.723800659179687500e+00 -2.389335632324218750e+00
5.109936594963073730e-01 -1.654768347740173340e+00
-2.744351625442504883e+00 -8.349507331848144531e+00
-1.312223196029663086e+00 -1.438418030738830566e+00
-4.159871578216552734e+00 2.441966235637664795e-01
-3.332266807556152344e+00 1.062790036201477051e+00
-3.113889694213867188e+00 1.295597404241561890e-01
-5.018211364746093750e+00 -1.427758693695068359e+00
-1.162088489532470703e+01 -3.007084369659423828e+00
-4.208617210388183594e+00 3.356448411941528320e-01
-2.560327291488647461e+00 -3.466669082641601562e+00
-6.579469203948974609e+00 4.222187995910644531e+00
-3.901105880737304688e+00 -4.812592029571533203e+00
-1.048894023895263672e+01 1.060316371917724609e+01
-5.885693073272705078e+00 -2.637441396713256836e+00
4.209729194641113281e+00 5.809563159942626953e+00
-1.029596424102783203e+01 -3.226174592971801758e+00
-1.357314109802246094e+01 3.771336555480957031e+00
1.334675312042236328e+00 9.201749801635742188e+00
-4.956119507551193237e-02 5.845476388931274414e-01
-3.894680500030517578e+00 -5.888533115386962891e+00
-2.086965322494506836e+00 -7.107612609863281250e+00
-7.922277450561523438e+00 7.838539481163024902e-01
-8.611883163452148438e+00 -4.614760398864746094e+00
-6.931272983551025391e+00 -2.589957952499389648e+00
-9.849575042724609375e+00 -2.663137197494506836e+00
-5.445640563964843750e+00 -5.021324634552001953e+00
-2.621515989303588867e+00 -3.416625499725341797e+00
-1.032396411895751953e+01 9.845143318176269531e+00
-6.234076976776123047e+00 -6.894753456115722656e+00
-3.453638076782226562e+00 -9.432871937751770020e-01
-3.998368740081787109e+00 2.151561260223388672e+00
-1.112585926055908203e+01 1.006352710723876953e+01
-5.589038372039794922e+00 -2.105787515640258789e+00
-1.135724067687988281e+01 -8.260089874267578125e+00
-8.205442428588867188e+00 -4.852045536041259766e+00
-1.829274654388427734e+00 -7.738512039184570312e+00
-5.101946830749511719e+00 -3.220630407333374023e+00
-5.129443168640136719e+00 2.128351449966430664e+00
-7.359502792358398438e+00 -2.702363014221191406e+00
-9.313474655151367188e+00 -2.168072700500488281e+00
-5.924374580383300781e+00 -6.248368620872497559e-01
7.646075725555419922e+00 5.569341659545898438e+00
-4.855914592742919922e+00 8.614438772201538086e-02
-2.736999034881591797e+00 -6.649792790412902832e-01
-3.293737888336181641e+00 -1.912613630294799805e+00
-1.990757107734680176e+00 2.288931310176849365e-01
-1.014566135406494141e+01 2.330501317977905273e+00
-7.884682655334472656e+00 -9.011293053627014160e-01
-5.426590919494628906e+00 -3.631678104400634766e+00
-9.415667533874511719e+00 5.336204767227172852e-01
-3.997004508972167969e+00 3.497667789459228516e+00
7.030919075012207031e+00 5.990101337432861328e+00
-7.906352519989013672e+00 2.248373985290527344e+00
-4.788522720336914062e+00 -6.699980497360229492e-01
-4.207152366638183594e+00 -1.776057362556457520e+00
-2.408671826124191284e-01 -5.495527744293212891e+00
-4.639288902282714844e+00 -7.160721302032470703e+00
-2.523305416107177734e+00 2.198690414428710938e+00
-7.099271297454833984e+00 -4.864713191986083984e+00
7.071135997772216797e+00 2.491239070892333984e+00
-1.470050215721130371e-01 5.937417149543762207e-01
7.151205062866210938e+00 6.934294700622558594e+00
-4.279718399047851562e+00 -7.920114040374755859e+00
-4.108060836791992188e+00 -8.068137764930725098e-01
-7.771179676055908203e+00 -9.880862832069396973e-01
-5.634194850921630859e+00 6.669766306877136230e-01
1.137804889678955078e+01 7.442354202270507812e+00
-2.127785682678222656e+00 1.095032453536987305e+00
-3.939768791198730469e+00 -7.053153514862060547e+00
-6.465937614440917969e+00 -6.932419300079345703e+00
-4.906259536743164062e+00 1.183453798294067383e+00
-1.151182079315185547e+01 -3.461751341819763184e-01
-3.622821807861328125e+00 -7.435628890991210938e+00
-3.682778596878051758e+00 -4.531768321990966797e+00
-5.409716129302978516e+00 -5.953918457031250000e+00
-5.131220817565917969e+00 -2.420977652072906494e-01
1.303435993194580078e+01 -5.034832477569580078e+00
-9.562345504760742188e+00 6.489877700805664062e+00
6.514069557189941406e+00 1.167538547515869141e+01
-1.006860136985778809e+00 -3.510855913162231445e+00
-7.550406455993652344e+00 1.264894104003906250e+01
-3.931146860122680664e+00 1.774343967437744141e+00
-1.722433924674987793e+00 1.476027202606201172e+01
-6.577987670898437500e+00 7.544105052947998047e-01
-9.306910514831542969e+00 5.881075859069824219e-01
-3.786620378494262695e+00 4.814823627471923828e+00
-8.505373954772949219e+00 -4.926675796508789062e+00
-1.767212748527526855e-01 5.603449821472167969e+00
-3.049433708190917969e+00 1.080799102783203125e+01
-1.501552939414978027e+00 1.271781444549560547e+01
-1.333707928657531738e+00 4.377910137176513672e+00
-5.500435829162597656e+00 5.705754280090332031e+00
1.415385961532592773e+00 1.503853130340576172e+01
-3.770977020263671875e+00 4.449297428131103516e+00
-5.091564059257507324e-01 9.971956253051757812e+00
-2.226882696151733398e+00 1.158077716827392578e+01
1.560077428817749023e+00 5.044253826141357422e+00
-1.362443923950195312e+00 8.496800422668457031e+00
-1.207178950309753418e+00 9.801156997680664062e+00
-1.760603785514831543e+00 6.682443618774414062e+00
-8.666321635246276855e-01 6.241803646087646484e+00
-1.915495634078979492e+00 7.219048500061035156e+00
-2.913103103637695312e+00 7.110132217407226562e+00
4.293030261993408203e+00 1.266236495971679688e+01
-1.521763920783996582e+00 6.374135971069335938e+00
-1.419900536537170410e+00 9.373484611511230469e+00
-6.531455039978027344e+00 5.205134391784667969e+00
-3.906813144683837891e+00 1.183395290374755859e+01
-9.352084159851074219e+00 1.172311305999755859e+01
-7.769805431365966797e+00 5.119158267974853516e+00
4.328444004058837891e+00 6.643844127655029297e+00
-7.936651110649108887e-01 4.560267925262451172e+00
-1.311162662506103516e+01 3.972623109817504883e+00
8.633463382720947266e-01 8.987401962280273438e+00
1.515957713127136230e+00 5.962435245513916016e+00
1.121260523796081543e+00 3.936716079711914062e+00
-8.265597373247146606e-02 1.094004154205322266e+01
1.683943271636962891e+00 7.295104026794433594e+00
-4.123805999755859375e+00 8.011666297912597656e+00
1.990308642387390137e+00 1.061591148376464844e+01
2.750888824462890625e+00 9.282854080200195312e+00
-4.925482749938964844e+00 5.896327972412109375e+00
1.007425785064697266e+00 1.129655933380126953e+01
-4.336287498474121094e+00 9.046803474426269531e+00
-1.500103622674942017e-01 1.283627510070800781e+01
-3.243057727813720703e+00 8.618246078491210938e+00
1.008432507514953613e+00 7.047227859497070312e+00
-5.565353393554687500e+00 7.841269493103027344e+00
-2.242637157440185547e+00 8.665070533752441406e+00
3.592173814773559570e+00 9.161482810974121094e+00
-4.517266273498535156e+00 1.069999504089355469e+01
3.808629214763641357e-01 7.207382202148437500e+00
7.658446431159973145e-01 7.694181919097900391e+00
-5.480694770812988281e+00 3.961168050765991211e+00
-8.574966192245483398e-01 8.837499618530273438e+00
-2.546027421951293945e+00 6.004480361938476562e+00
-2.766694784164428711e+00 6.527456760406494141e+00
6.059618949890136719e+00 6.522352218627929688e+00
-1.005289316177368164e+00 6.875974655151367188e+00
-3.331716537475585938e+00 7.397785663604736328e+00
-3.290942907333374023e+00 8.568941116333007812e+00
-4.082339107990264893e-01 7.827733039855957031e+00
-2.306518554687500000e+00 9.674855232238769531e+00
-4.803862795233726501e-02 3.639574527740478516e+00
-5.481231212615966797e+00 6.457240104675292969e+00
3.063285589218139648e+00 4.760159015655517578e+00
3.176842451095581055e+00 1.080191707611083984e+01
3.802288293838500977e+00 7.954969882965087891e+00
2.632242918014526367e+00 6.767220020294189453e+00
-1.952392458915710449e+00 6.992961406707763672e+00
-2.360981941223144531e+00 5.513573169708251953e+00
-1.132830142974853516e+00 3.025931835174560547e+00
-1.789440274238586426e+00 5.690015792846679688e+00
-3.948969244956970215e-01 7.066977500915527344e+00
3.126650094985961914e+00 1.289645957946777344e+01
-4.926206588745117188e+00 1.155045223236083984e+01
-5.421202182769775391e+00 1.008653736114501953e+01
4.637496471405029297e+00 7.093057632446289062e+00
4.646476745605468750e+00 4.529299736022949219e+00
-2.336252212524414062e+00 6.342662334442138672e+00
7.728637456893920898e-01 3.777466535568237305e+00
-1.585077047348022461e+00 5.659497261047363281e+00
1.103088665008544922e+01 7.463942050933837891e+00
4.529848098754882812e-01 5.543905735015869141e+00
-5.825009346008300781e-01 6.076709270477294922e+00
-1.985750436782836914e+00 5.262661457061767578e+00
-2.099352836608886719e+00 1.324489402770996094e+01
1.507247328758239746e+00 1.171854400634765625e+01
1.012589931488037109e-01 9.305259704589843750e+00
-3.759985864162445068e-01 8.116249084472656250e+00
1.342730373144149780e-01 7.405703067779541016e+00
-2.762664079666137695e+00 7.454378604888916016e+00
-3.883921384811401367e+00 5.797262191772460938e+00
-8.222974777221679688e+00 6.937332153320312500e+00
5.558103084564208984e+00 1.159517669677734375e+01
-8.478577136993408203e-01 2.288313150405883789e+00
-7.496643066406250000e+00 1.244937419891357422e+01
-1.214134335517883301e+00 7.402398109436035156e+00
-1.532606840133666992e+00 1.362016391754150391e+01
-2.035687565803527832e-01 4.967349529266357422e+00
2.592863798141479492e+00 6.546303272247314453e+00
2.670267820358276367e+00 1.015424537658691406e+01
-4.677984714508056641e+00 1.040949440002441406e+01
2.719777822494506836e+00 -9.519857406616210938e+00
7.177960395812988281e+00 -9.365043640136718750e+00
4.604218959808349609e+00 -1.227433872222900391e+01
-9.386111259460449219e+00 -7.312431812286376953e+00
7.514791011810302734e+00 -1.691470909118652344e+01
4.472769260406494141e+00 -7.170168876647949219e+00
1.671558976173400879e+00 -1.303639698028564453e+01
3.640742540359497070e+00 -7.996588230133056641e+00
5.769795417785644531e+00 -9.738755226135253906e+00
1.019667506217956543e+00 -8.158933639526367188e+00
-1.453382134437561035e+00 -9.736913681030273438e+00
1.419086217880249023e+00 -1.031618404388427734e+01
4.039902687072753906e+00 -1.025080394744873047e+01
5.145165920257568359e+00 -1.223190593719482422e+01
4.016236305236816406e+00 -1.085068702697753906e+01
2.038977146148681641e+00 -1.018354892730712891e+01
3.707352399826049805e+00 -1.481800460815429688e+01
7.903417110443115234e+00 -1.128130435943603516e+01
4.899229526519775391e+00 -1.412528896331787109e+01
4.449859619140625000e+00 -1.630847740173339844e+01
1.090277385711669922e+01 -1.272043609619140625e+01
4.189040660858154297e+00 -1.136486053466796875e+01
8.215181231498718262e-01 -1.281576633453369141e+01
-1.347665691375732422e+01 7.376668930053710938e+00
-9.772529602050781250e+00 -1.123676109313964844e+01
5.480368614196777344e+00 -7.426535606384277344e+00
3.462524175643920898e+00 -9.324677467346191406e+00
8.520633697509765625e+00 -1.156256866455078125e+01
4.929419517517089844e+00 -1.334645557403564453e+01
6.392882466316223145e-01 -1.012233257293701172e+01
1.197161006927490234e+01 1.358024835586547852e+00
7.025026321411132812e+00 -1.428148555755615234e+01
-4.561636447906494141e+00 -1.446339893341064453e+01
-4.562899589538574219e+00 -1.443188095092773438e+01
6.354216575622558594e+00 -1.272432136535644531e+01
9.966018795967102051e-01 -1.186422157287597656e+01
2.125750780105590820e+00 -1.176795959472656250e+01
1.391040802001953125e+00 -1.705777359008789062e+01
9.229228019714355469e+00 -1.349579620361328125e+01
9.628323554992675781e+00 -1.403698158264160156e+01
1.078283500671386719e+01 -1.436498546600341797e+01
7.063505172729492188e+00 -1.508924579620361328e+01
-1.522193670272827148e+00 -1.470783710479736328e+01
1.066803216934204102e+00 -1.336271381378173828e+01
-6.409718990325927734e-01 -1.133979320526123047e+01
1.334798526763916016e+01 -9.432761192321777344e+00
8.008024215698242188e+00 -5.014888763427734375e+00
4.633478164672851562e+00 -9.412207603454589844e+00
-1.313594245910644531e+01 -5.287469863891601562e+00
3.430126190185546875e+00 -1.032238483428955078e+01
2.672936677932739258e+00 -1.371558189392089844e+01
3.459996700286865234e+00 -1.105526447296142578e+01
2.501084089279174805e+00 -1.111579322814941406e+01
7.512282371520996094e+00 -8.929177284240722656e+00
5.599421501159667969e+00 -1.553193378448486328e+01
7.333649635314941406e+00 -1.224597930908203125e+01
9.395491600036621094e+00 -1.518561840057373047e+01
4.660851955413818359e+00 -1.562460899353027344e+01
8.475154876708984375e+00 -9.209053993225097656e+00
4.714973449707031250e+00 -1.166017723083496094e+01
2.618293285369873047e+00 -1.533292198181152344e+01
6.875364303588867188e+00 -1.069381523132324219e+01
3.448444604873657227e+00 -1.161500072479248047e+01
6.288213729858398438e+00 -1.134455966949462891e+01
3.124629259109497070e-01 -5.801175117492675781e+00
9.520634651184082031e+00 -1.443380832672119141e+01
4.056244850158691406e+00 -1.043595695495605469e+01
4.414165616035461426e-01 -1.443414115905761719e+01
2.997433900833129883e+00 -1.570211791992187500e+01
6.594234466552734375e+00 -1.304439640045166016e+01
2.334985017776489258e+00 -6.954199314117431641e+00
-2.903071165084838867e+00 -1.104250717163085938e+01
4.598856449127197266e+00 -1.017979335784912109e+01
9.232888221740722656e+00 -1.014996433258056641e+01
1.682477474212646484e+00 -8.908799171447753906e+00
1.188403320312500000e+01 7.399487972259521484e+00
3.731215476989746094e+00 -1.268915653228759766e+01
3.908170700073242188e+00 -1.332027339935302734e+01
-8.204275965690612793e-01 -1.257238864898681641e+01
2.381667613983154297e+00 -7.056729793548583984e+00
6.411566257476806641e+00 -1.407413959503173828e+01
7.958684921264648438e+00 -6.699489116668701172e+00
-2.774208307266235352e+00 -5.111695766448974609e+00
8.056840896606445312e+00 -6.592535495758056641e+00
3.135371208190917969e+00 -1.229011821746826172e+01
1.112242889404296875e+01 -7.028874397277832031e+00
-9.390794754028320312e+00 7.378240108489990234e+00
6.829695224761962891e+00 1.176743412017822266e+01
5.986078262329101562e+00 -9.704910278320312500e+00
-7.236329555511474609e+00 1.361974239349365234e+01
4.014142990112304688e+00 -8.466495513916015625e+00
-1.716027021408081055e+00 1.570269966125488281e+01
4.084342002868652344e+00 -1.435417175292968750e+01
6.678120613098144531e+00 -1.195795154571533203e+01
4.061639785766601562e+00 -1.069884681701660156e+01
5.496104717254638672e+00 -7.864764213562011719e+00
-1.387808132171630859e+01 -1.302426218986511230e+00
6.564962863922119141e+00 8.785185813903808594e+00
7.414086818695068359e+00 1.653788685798645020e+00
-9.122820854187011719e+00 -7.002849102020263672e+00
-6.826312065124511719e+00 9.022936820983886719e+00
1.401326417922973633e+00 1.454434680938720703e+01
-1.107802772521972656e+01 -7.333245277404785156e-01
-5.027132511138916016e+00 1.575307083129882812e+01
5.400050640106201172e+00 -1.620570778846740723e+00
-1.409155941009521484e+01 -1.222811698913574219e+00
-8.235909461975097656e+00 -9.937303543090820312e+00
2.729491233825683594e+00 -1.981289863586425781e+00
3.566915750503540039e+00 1.430094361305236816e+00
8.164971351623535156e+00 -3.639139890670776367e+00
3.616467952728271484e+00 -3.457487106323242188e+00
-8.225230216979980469e+00 -9.890707969665527344e+00
-1.271827030181884766e+01 -3.528954029083251953e+00
7.938008785247802734e+00 -2.307438850402832031e+00
1.202332377433776855e+00 -3.111606836318969727e+00
-7.512651920318603516e+00 9.474934577941894531e+00
-6.260257244110107422e+00 -9.423265457153320312e+00
1.025006389617919922e+01 -2.981806278228759766e+00
1.148873996734619141e+01 -1.347069358825683594e+01
-1.322749614715576172e+01 7.327590942382812500e+00
-9.505197525024414062e+00 -1.085161685943603516e+01
-1.368218040466308594e+01 3.743538141250610352e+00
5.181109905242919922e+00 2.780980348587036133e+00
6.645539283752441406e+00 8.575242161750793457e-01
-5.086406707763671875e+00 -1.066143989562988281e+01
-5.738049983978271484e+00 1.625635528564453125e+01
1.124464988708496094e+01 1.292458057403564453e+00
5.078263759613037109e+00 -2.100512266159057617e+00
-1.178175544738769531e+01 -9.164333343505859375e+00
-7.006422042846679688e+00 -1.078603935241699219e+01
-6.294210433959960938e+00 7.723864555358886719e+00
2.239545345306396484e+00 -1.386031508445739746e+00
-8.055261611938476562e+00 1.512616157531738281e+01
9.867596626281738281e+00 -3.459900140762329102e+00
8.199334144592285156e+00 2.889988943934440613e-02
1.221891784667968750e+01 -2.009337186813354492e+00
1.338165378570556641e+01 -9.339605331420898438e+00
4.122864246368408203e+00 -3.597538948059082031e+00
-1.166752433776855469e+01 -9.036798477172851562e+00
-9.267948150634765625e+00 -1.017522525787353516e+01
1.004971790313720703e+01 -4.691756248474121094e+00
1.103838825225830078e+01 1.374865770339965820e+00
8.056508064270019531e+00 -2.452989339828491211e+00
5.319223403930664062e+00 -8.713975548744201660e-01
-1.288111209869384766e+01 -4.783205986022949219e+00
5.591003894805908203e+00 -1.223719835281372070e+00
8.195460319519042969e+00 5.065109729766845703e+00
3.190388917922973633e+00 3.337205350399017334e-01
2.068419694900512695e+00 4.965492188930511475e-01
5.090243339538574219e+00 -2.919229984283447266e+00
8.653896331787109375e+00 -1.923477649688720703e+00
8.887742757797241211e-01 -1.825763463973999023e+00
1.323196506500244141e+01 -2.298997640609741211e+00
7.629525661468505859e+00 1.066606521606445312e+00
9.396111488342285156e+00 4.056979179382324219e+00
2.982767581939697266e+00 2.523334503173828125e+00
5.429701805114746094e+00 8.652239799499511719e+00
3.960103750228881836e+00 1.695997953414916992e+00
3.626922607421875000e+00 -6.316934823989868164e-01
3.702371120452880859e+00 -2.686649560928344727e+00
9.551597386598587036e-02 -5.623022079467773438e+00
8.493681907653808594e+00 -2.826906204223632812e+00
3.544838666915893555e+00 -1.619985699653625488e+00
8.492912292480468750e+00 6.575448513031005859e-01
7.825519561767578125e+00 2.482660055160522461e+00
5.376594543457031250e+00 6.058460474014282227e-01
8.361452102661132812e+00 7.694584369659423828e+00
-4.840382575988769531e+00 -9.079261779785156250e+00
3.255112409591674805e+00 1.498099416494369507e-02
1.341458320617675781e+01 -2.358790159225463867e+00
2.560852527618408203e+00 -4.722783565521240234e+00
1.180799007415771484e+01 7.378939628601074219e+00
1.030996513366699219e+01 -6.785945892333984375e-01
1.033673286437988281e+01 -7.079764008522033691e-01
-6.351780414581298828e+00 -8.691065788269042969e+00
3.121664047241210938e+00 4.253472805023193359e+00
8.731396675109863281e+00 1.121526050567626953e+01
2.798886775970458984e+00 -1.458651661872863770e+00
9.807551503181457520e-01 -3.537193059921264648e+00
7.730617523193359375e+00 -7.609683275222778320e-01
6.682267189025878906e+00 -2.467024803161621094e+00
1.103810787200927734e+01 -6.847945213317871094e+00
-9.154328346252441406e+00 7.009940624237060547e+00
7.524780273437500000e+00 1.162383079528808594e+01
-9.398937225341796875e-01 -3.460609912872314453e+00
-7.353341579437255859e+00 1.482407665252685547e+01
7.531468868255615234e+00 -1.148984551429748535e+00
-1.695634603500366211e+00 1.493457031250000000e+01
-1.393829059600830078e+01 -5.895270824432373047e+00
5.227087497711181641e+00 -4.325425028800964355e-01
2.918367624282836914e+00 1.684970855712890625e+00
5.699596405029296875e+00 -3.594657659530639648e+00
